,OverallQual,GrLivArea,BsmtFinSF1,TotalBsmtSF,1stFlrSF,GarageArea,LotArea,YearBuilt,YearRemodAdd,Attchd,GarageCars,WoodDeckSF,2ndFlrSF,OverallCond,OpenPorchSF,SalePrice
0,7,1710,706,856,856,548,8450,2003,2003,1,2,0,854,5,61,208500
1,6,1262,978,1262,1262,460,9600,1976,1976,1,2,298,0,8,0,181500
2,7,1786,486,920,920,608,11250,2001,2002,1,2,0,866,5,42,223500
3,7,1717,216,756,961,642,9550,1915,1970,0,3,0,756,5,35,140000
4,8,2198,655,1145,1145,836,14260,2000,2000,1,3,192,1053,5,84,250000
5,5,1362,732,796,796,480,14115,1993,1995,1,2,40,566,5,30,143000
6,8,1694,1369,1686,1694,636,10084,2004,2005,1,2,255,0,5,57,307000
7,7,2090,859,1107,1107,484,10382,1973,1973,1,2,235,983,6,204,200000
8,7,1774,0,952,1022,468,6120,1931,1950,0,2,90,752,5,0,129900
9,5,1077,851,991,1077,205,7420,1939,1950,1,1,0,0,6,4,118000
10,5,1040,906,1040,1040,384,11200,1965,1965,0,1,0,0,5,0,129500
11,9,2324,998,1175,1182,736,11924,2005,2006,0,3,147,1142,5,21,345000
12,5,912,737,912,912,352,12968,1962,1962,0,1,140,0,6,0,144000
13,7,1494,0,1494,1494,840,10652,2006,2007,1,3,160,0,5,33,279500
14,6,1253,733,1253,1253,352,10920,1960,1960,1,1,0,0,5,213,157000
15,7,854,0,832,854,576,6120,1929,2001,0,2,48,0,8,112,132000
16,6,1004,578,1004,1004,480,11241,1970,1970,1,2,0,0,7,0,149000
17,4,1296,0,0,1296,516,10791,1967,1967,0,2,0,0,5,0,90000
18,5,1114,646,1114,1114,576,13695,2004,2004,0,2,0,0,5,102,159000
19,5,1339,504,1029,1339,294,7560,1958,1965,1,1,0,0,6,0,139000
20,8,2376,0,1158,1158,853,14215,2005,2006,0,3,240,1218,5,154,325300
21,7,1108,0,637,1108,280,7449,1930,1950,1,1,0,0,7,0,139400
22,8,1795,0,1777,1795,534,9742,2002,2002,1,2,171,0,5,159,230000
23,5,1060,840,1040,1060,572,4224,1976,1976,1,2,100,0,7,110,129900
24,5,1060,188,1060,1060,270,8246,1968,2001,1,1,406,0,8,90,154000
25,8,1600,0,1566,1600,890,14230,2007,2007,1,3,0,0,5,56,256300
26,5,900,234,900,900,576,7200,1951,2000,0,2,222,0,7,32,134800
27,8,1704,1218,1704,1704,772,11478,2007,2008,1,3,0,0,5,50,306000
28,5,1600,1277,1484,1600,319,16321,1957,1997,1,1,288,0,6,258,207500
29,4,520,0,520,520,240,6324,1927,1950,0,1,49,0,6,0,68500
30,4,1317,0,649,649,250,8500,1920,1950,0,1,0,668,4,54,40000
31,5,1228,0,1228,1228,271,8544,1966,2006,1,1,0,0,6,65,149350
32,8,1234,0,1234,1234,484,11049,2007,2007,1,2,0,0,5,30,179900
33,5,1700,1018,1398,1700,447,10552,1959,1959,1,2,0,0,5,38,165500
34,9,1561,1153,1561,1561,556,7313,2005,2005,1,2,203,0,5,47,277500
35,8,2452,0,1117,1132,691,13418,2004,2005,0,3,113,1320,5,32,309000
36,5,1097,0,1097,1097,672,10859,1994,1995,1,2,392,0,5,64,145000
37,5,1297,1213,1297,1297,498,8532,1954,1990,1,2,0,0,6,0,153000
38,5,1057,731,1057,1057,246,7922,1953,2007,0,1,0,0,7,52,109000
39,4,1152,0,0,1152,0,6040,1955,1955,0,0,0,0,5,0,82000
40,6,1324,643,1088,1324,440,8658,1965,1965,1,2,0,0,5,138,160000
41,5,1328,967,1350,1328,308,16905,1959,1959,1,1,0,0,6,104,170000
42,5,884,747,840,884,504,9180,1983,1983,1,2,240,0,7,0,144000
43,5,938,280,938,938,308,9200,1975,1980,0,1,145,0,6,0,130250
44,5,1150,179,1150,1150,300,7945,1959,1959,1,1,0,0,6,0,141000
45,9,1752,456,1752,1752,576,7658,2005,2005,1,2,196,0,5,82,319900
46,7,2149,1351,1434,1518,670,12822,2003,2003,1,2,168,631,5,43,239686
47,8,1656,24,1656,1656,826,11096,2006,2006,1,3,0,0,5,146,249700
48,4,1452,0,736,736,0,4456,1920,2008,0,0,0,716,5,0,113000
49,5,955,763,955,955,386,7742,1966,1966,1,1,0,0,7,0,127000
50,6,1470,182,794,794,388,13869,1997,1997,1,2,0,676,6,75,177000
51,6,1176,0,816,816,528,6240,1934,1950,0,2,112,0,6,0,114500
52,5,816,104,816,816,516,8472,1963,1963,0,2,106,0,5,0,110000
53,9,1842,1810,1842,1842,894,50271,1981,1987,1,3,857,0,5,72,385000
54,5,1360,384,384,1360,572,7134,1955,1955,0,2,0,0,5,50,130000
55,6,1425,490,1425,1425,576,10175,1964,1964,1,2,0,0,5,0,180500
56,8,1739,649,970,983,480,2645,1999,2000,1,2,115,756,5,0,172500
57,7,1720,0,860,860,565,11645,2004,2004,1,2,0,860,5,70,196500
58,10,2945,0,1410,1426,641,13682,2006,2006,0,3,192,1519,5,0,438780
59,5,780,632,780,780,352,7200,1972,1972,0,1,196,0,7,0,124900
60,6,1158,941,1158,1158,576,13072,2004,2004,0,2,0,0,5,50,158000
61,5,1111,0,530,581,288,7200,1920,1996,0,1,0,530,7,0,101000
62,8,1370,24,1370,1370,484,6442,2006,2006,1,2,120,0,5,49,202500
63,7,1710,0,576,902,480,10300,1921,1950,0,2,12,808,6,11,140000
64,7,2034,739,1057,1057,645,9375,1997,1998,1,2,576,977,5,36,219500
65,8,2473,0,1143,1143,852,9591,2004,2005,0,3,192,1330,5,151,317000
66,7,2207,912,1947,2207,576,19900,1970,1989,1,2,301,0,5,0,180000
67,7,1479,1013,1453,1479,558,10665,2003,2003,1,2,144,0,5,29,226000
68,4,747,0,747,747,220,4608,1945,1950,1,1,0,0,6,0,80000
69,7,2287,603,1304,1304,667,15593,1953,1953,1,2,0,983,4,21,225000
70,7,2223,1880,2223,2223,516,13651,1973,1973,1,2,300,0,6,0,244000
71,4,845,565,845,845,360,7599,1982,2006,0,2,0,0,6,0,129500
72,7,1718,0,832,885,427,10141,1998,1998,1,2,0,833,5,94,185000
73,5,1086,320,1086,1086,490,10200,1954,2003,1,2,0,0,7,0,144900
74,3,1605,0,840,840,379,5790,1915,1950,0,1,0,765,6,0,107400
75,4,988,462,462,526,297,1596,1973,1973,0,1,120,462,5,101,91000
76,4,952,228,952,952,283,8475,1956,1956,0,1,0,0,7,0,135750
77,5,1285,336,672,1072,240,8635,1948,2001,0,1,0,213,5,0,127000
78,4,1768,0,1768,1768,0,10778,1968,1968,0,0,0,0,5,0,136500
79,5,1230,0,440,682,440,10440,1910,1981,0,2,74,548,6,0,110000
80,6,2142,448,896,1182,509,13000,1968,1968,1,1,0,960,6,72,193500
81,6,1337,1201,1237,1337,405,4500,1998,1998,1,2,0,0,5,199,153500
82,8,1563,33,1563,1563,758,10206,2007,2007,1,3,144,0,5,99,245000
83,5,1065,0,1065,1065,461,8892,1960,1960,0,2,74,0,5,0,126500
84,7,1474,0,384,804,400,8530,1995,1996,0,2,120,670,5,72,168500
85,8,2417,0,1288,1301,462,16059,1991,1992,1,2,127,1116,5,82,260000
86,6,1560,0,684,684,400,11911,2005,2005,0,2,100,876,5,38,174000
87,6,1224,0,612,612,528,3951,2009,2009,0,2,0,612,5,234,164500
88,3,1526,0,1013,1013,0,8470,1915,1982,0,0,0,0,2,0,85000
89,4,990,588,990,990,0,8070,1994,1995,0,0,0,0,5,0,123600
90,4,1040,0,0,1040,420,7200,1950,1950,0,2,0,0,5,29,109900
91,5,1235,600,1235,1235,480,8500,1961,1961,1,2,0,0,3,0,98600
92,5,964,713,876,964,432,13360,1921,2006,0,2,0,0,7,0,163500
93,6,2291,1046,1214,1260,506,7200,1910,1998,0,2,0,1031,6,0,133900
94,6,1786,648,824,905,684,9337,1997,1997,1,2,0,881,5,162,204750
95,6,1470,310,680,680,420,9765,1993,1993,0,2,232,790,8,63,185000
96,7,1588,1162,1588,1588,472,10264,1999,1999,1,2,158,0,5,29,214000
97,4,960,520,960,960,432,10921,1965,1965,1,1,120,0,5,0,94750
98,5,835,108,458,835,366,10625,1920,1950,0,1,0,0,5,0,83000
99,4,1225,569,950,1225,0,9320,1959,1959,0,0,352,0,5,0,128950
100,6,1610,1200,1610,1610,480,10603,1977,2001,1,2,168,0,7,68,205000
101,6,1732,0,741,977,476,9206,1985,1985,1,2,192,755,5,46,178000
102,5,1535,0,0,1535,410,7018,1979,1979,1,2,0,0,5,0,118964
103,7,1226,0,1226,1226,740,10402,2009,2009,1,3,0,0,5,36,198900
104,7,1818,224,1040,1226,240,7758,1931,1950,0,1,0,592,4,0,169500
105,8,1992,0,1053,1053,648,9375,2003,2004,1,2,140,939,5,45,250000
106,4,1047,0,641,1047,273,10800,1885,1995,0,1,0,0,7,0,100000
107,5,789,104,789,789,250,6000,1948,1950,0,1,0,0,5,0,115000
108,5,1517,0,793,997,0,8500,1919,2005,0,0,0,520,7,0,115000
109,6,1844,705,1844,1844,546,11751,1977,1977,1,2,0,0,6,122,190000
110,6,1855,444,994,1216,325,9525,1954,1972,1,1,182,639,4,0,136900
111,7,1430,250,384,774,400,7750,2000,2000,0,2,180,656,5,0,180000
112,7,2696,984,1264,1282,792,9965,2007,2007,0,3,120,1414,5,184,383970
113,6,2259,35,1809,2259,450,21000,1953,1953,0,2,166,0,5,120,217000
114,6,2320,774,1028,1436,180,7259,1945,2002,0,1,224,884,8,0,259500
115,6,1458,419,729,729,440,3230,1999,1999,0,2,0,729,5,32,176000
116,5,1092,170,1092,1092,288,11616,1962,1962,1,1,0,0,5,20,139000
117,5,1125,0,1125,1125,430,8536,2006,2007,1,2,80,0,5,64,155000
118,7,3222,1470,1673,1699,594,12376,1990,1990,1,3,367,1523,5,0,320000
119,6,1456,0,728,728,390,8461,2005,2006,1,2,0,728,5,24,163990
120,6,988,938,938,988,540,21453,1969,1969,1,2,0,0,5,130,180000
121,4,1123,0,732,772,264,6060,1939,1950,0,1,0,351,5,0,100000
122,6,1080,570,1080,1080,288,9464,1958,1958,1,1,0,0,7,0,136000
123,6,1199,300,1199,1199,530,7892,1993,1993,1,2,0,0,5,63,153900
124,6,1586,0,1362,1586,435,17043,1979,1998,1,2,192,0,5,0,181000
125,6,754,490,520,520,0,6780,1935,1982,0,0,53,0,8,0,84500
126,6,958,120,1078,958,440,4928,1976,1976,1,2,0,0,5,205,128000
127,5,840,116,672,840,0,4388,1930,1950,0,0,0,0,7,0,87000
128,6,1348,512,660,660,453,7590,1966,1966,1,2,188,688,5,108,155000
129,5,1053,567,1008,1053,750,8973,1958,1991,0,2,0,0,7,80,150000
130,7,2157,445,924,1216,487,14200,1966,1966,1,2,105,941,6,66,226000
131,6,2054,695,992,1022,390,12224,2000,2000,0,2,24,1032,5,48,244000
132,5,1327,405,1063,1327,624,7388,1959,2002,0,2,0,0,6,0,150750
133,8,1296,1005,1267,1296,471,6853,2001,2002,1,2,192,0,5,25,220000
134,5,1721,570,1461,1721,440,10335,1968,1993,1,2,0,0,6,96,180000
135,7,1682,0,1304,1682,530,10400,1970,1970,1,2,98,0,6,0,174000
136,5,1214,695,1214,1214,318,10355,1967,1967,1,1,0,0,5,111,143000
137,7,1959,0,1907,1959,766,11070,1988,1989,0,3,0,0,5,0,171000
138,8,1852,668,1004,1004,660,9066,1999,2000,1,3,224,848,5,106,230000
139,6,1764,821,928,928,470,15426,1997,1997,1,2,276,836,5,99,231500
140,4,864,432,864,864,0,10500,1971,1971,0,0,0,0,5,0,115000
141,7,1734,1300,1734,1734,660,11645,2005,2005,1,2,160,0,5,24,260000
142,5,1385,507,910,910,720,8520,1952,1952,0,2,0,475,4,0,166000
143,7,1501,679,1490,1501,577,10335,1999,1999,1,2,144,0,5,29,204000
144,5,1728,1332,1728,1728,504,9100,1963,1963,0,2,0,0,5,0,125000
145,6,1709,0,970,970,380,2522,2004,2006,0,2,0,739,5,40,130000
146,5,875,209,715,875,180,6120,1931,1993,0,1,48,0,7,0,105000
147,7,2035,0,884,884,434,9505,2001,2001,0,2,144,1151,5,48,222500
148,7,1080,680,1080,1080,0,7500,2004,2005,0,0,0,0,5,0,141000
149,5,1344,0,896,896,240,6240,1936,1950,0,1,200,448,4,114,115000
150,5,969,716,969,969,440,10356,1975,1975,1,2,0,0,6,0,122000
151,8,1710,1400,1710,1710,866,13891,2007,2008,1,3,0,0,5,102,372402
152,6,1993,416,825,1097,495,14803,1971,1971,1,2,0,896,5,66,190000
153,6,1252,429,1602,1252,564,13500,1960,1975,1,2,409,0,7,0,235000
154,6,1200,0,1200,1200,312,11340,1923,1950,0,1,0,0,5,0,125000
155,6,1096,0,572,572,0,9600,1924,1950,0,0,0,524,5,8,79000
156,5,1040,0,0,1040,625,7200,1950,1950,0,2,0,0,7,0,109500
157,8,1968,0,774,774,680,12003,2009,2010,0,3,0,1194,5,75,269500
158,7,1947,222,991,991,678,12552,2004,2005,1,2,0,956,5,136,254900
159,7,2462,57,1392,1392,576,19378,2005,2006,1,2,239,1070,5,132,320000
160,6,1232,660,1232,1232,516,11120,1984,1984,1,2,0,0,6,0,162500
161,9,2668,1016,1572,1572,726,13688,2003,2004,0,3,400,1096,5,0,412500
162,7,1541,1201,1541,1541,532,12182,2005,2005,1,2,0,0,5,70,220000
163,4,882,0,882,882,0,5500,1956,1956,0,0,0,0,6,0,103200
164,6,1616,370,1149,1149,216,5400,1926,2004,0,1,0,467,7,0,152000
165,5,1355,351,644,808,0,10106,1940,1999,0,0,140,547,7,0,127500
166,5,1867,379,1617,1867,303,10708,1955,1993,1,1,476,0,5,0,190000
167,8,2161,1288,1582,1610,789,10562,2007,2007,1,3,178,551,5,120,325624
168,7,1720,0,840,840,440,8244,2004,2004,1,2,100,880,5,48,183500
169,8,1707,0,1686,1707,511,16669,1981,1981,1,2,574,0,6,64,228000
170,5,1382,360,720,854,660,12358,1941,1950,0,2,237,0,6,0,128500
171,6,1656,639,1080,1656,528,31770,1960,1960,1,2,210,0,5,62,215000
172,7,1767,495,1064,1064,504,5306,1987,1987,1,2,441,703,7,35,239000
173,6,1362,288,1362,1362,504,10197,1961,1961,1,2,0,0,5,20,163000
174,6,1651,1398,1606,1651,616,12416,1986,1986,1,2,192,0,5,0,184000
175,6,2158,477,1202,2158,576,12615,1950,2001,1,2,0,0,7,29,243000
176,6,2060,831,1151,1164,521,10029,1988,1989,1,2,0,896,5,228,211000
177,5,1920,57,1052,1252,451,13650,1958,1958,1,2,0,668,5,0,172500
178,9,2234,1904,2216,2234,1166,17423,2008,2009,1,3,0,0,5,60,501837
179,5,968,0,968,968,480,8520,1923,2006,0,2,0,0,6,0,100000
180,6,1525,436,756,769,440,2117,2000,2000,0,2,0,756,5,0,177000
181,7,1802,352,793,901,216,7588,1920,1950,0,1,0,901,6,0,200100
182,5,1340,0,0,1340,252,9060,1957,2006,1,1,116,0,6,0,120000
183,7,2082,0,1362,1362,484,11426,2003,2003,0,2,280,720,5,238,200000
184,5,1252,0,504,936,576,7438,1908,1991,1,2,104,316,8,0,127000
185,10,3608,0,1107,1518,840,22950,1892,1993,0,3,0,1518,9,260,475000
186,7,1217,611,1188,1217,497,9947,1990,1991,1,2,168,0,5,27,173000
187,5,1656,0,660,808,180,10410,1916,1987,0,1,0,704,7,0,135000
188,5,1224,1086,1086,1224,528,7018,1979,1979,0,2,120,0,5,0,153337
189,8,1593,1153,1593,1593,682,4923,2001,2002,1,2,0,0,5,120,286000
190,8,2727,297,853,1549,440,10570,1932,1994,0,2,0,1178,8,74,315000
191,7,1479,626,725,725,484,7472,1972,2004,1,2,0,754,9,32,184000
192,7,1431,560,1431,1431,666,9017,1999,1999,1,2,0,0,5,35,192000
193,7,1709,0,970,970,380,2522,2004,2004,0,2,0,739,5,40,130000
194,5,864,390,864,864,352,7180,1972,1972,0,1,0,0,7,0,127000
195,6,1456,566,855,855,440,2280,1976,1976,1,2,87,601,6,0,148500
196,7,1726,1126,1726,1726,786,9416,2007,2007,1,3,171,0,5,138,311872
197,8,3112,1036,1360,1360,795,25419,1918,1990,0,2,0,1360,4,16,235000
198,6,2229,0,755,929,0,5520,1912,1950,0,0,0,929,6,198,104000
199,8,1713,1088,1713,1713,856,9591,2004,2005,1,3,0,0,5,26,274900
200,4,1121,0,1121,1121,440,8546,2003,2004,1,2,132,0,5,64,140000
201,6,1279,641,1196,1279,473,10125,1977,1977,0,2,238,0,6,83,171500
202,6,1310,617,617,865,398,7000,1924,1950,1,1,0,445,6,0,112000
203,6,848,662,848,848,420,4438,2004,2004,1,2,149,0,5,0,149000
204,5,1284,312,720,720,240,3500,1947,1950,0,1,0,564,7,35,110000
205,7,1442,0,1424,1442,500,11851,1990,1990,1,2,0,0,5,34,180500
206,5,1696,0,1140,1696,349,13673,1962,1962,1,1,0,0,5,30,143900
207,4,1100,419,1100,1100,312,12493,1960,1960,1,1,355,0,5,0,141000
208,7,2062,1065,1157,1180,454,14364,1988,1989,1,2,60,882,5,55,277000
209,6,1092,787,1092,1092,504,8250,1964,1964,1,2,0,0,7,0,145000
210,5,864,468,864,864,0,5604,1925,1950,0,0,0,0,6,0,98000
211,6,1212,36,1212,1212,460,10420,2009,2009,1,2,100,0,5,22,186000
212,7,1852,822,900,932,644,8640,2009,2009,1,2,168,920,5,108,252678
213,5,990,716,990,990,576,13568,1995,1995,1,2,224,0,5,0,156000
214,6,1392,378,689,689,299,10900,1977,1977,1,1,0,703,7,36,161750
215,5,1236,360,1070,1236,447,10011,1957,1996,1,1,0,0,6,0,134450
216,7,1436,946,1436,1436,484,8450,2004,2004,1,2,139,0,5,98,210000
217,4,1328,0,686,810,210,9906,1925,1950,0,1,0,518,4,172,107000
218,7,1954,341,798,1137,431,15660,1939,2006,1,2,0,817,9,119,311500
219,7,1248,16,1248,1248,438,3010,2005,2006,1,2,108,0,5,0,167240
220,7,1498,0,1498,1498,675,8990,2006,2006,1,2,351,0,5,33,204900
221,6,2267,0,1010,1010,390,8068,2002,2002,0,2,120,1257,5,46,200000
222,6,1552,550,713,811,434,11475,1975,1975,1,2,209,741,6,208,179900
223,4,864,524,864,864,576,10500,1971,1971,0,2,216,0,6,0,97000
224,10,2392,56,2392,2392,968,13472,2003,2003,1,3,248,0,5,105,386250
225,5,1302,0,630,630,280,1680,1971,1971,0,1,0,672,5,0,112000
226,7,2520,565,1203,1214,721,9950,1995,1995,1,3,224,1306,5,114,290000
227,6,987,321,483,483,280,1869,1970,1970,0,1,0,504,6,0,106000
228,5,912,842,912,912,336,8521,1967,1967,0,1,0,0,5,0,125000
229,7,1555,16,1373,1555,430,3182,2005,2006,1,2,143,0,5,20,192500
230,6,1194,0,1194,1194,312,8760,1959,1959,1,1,0,0,6,0,148000
231,8,2794,689,1462,1490,810,15138,1995,1996,1,3,0,1304,5,146,403000
232,6,987,0,483,483,288,1680,1972,1972,1,1,0,504,5,0,94500
233,5,894,182,894,894,308,10650,1976,1976,1,1,365,0,6,0,128200
234,6,1960,625,860,860,440,7851,2002,2002,0,2,288,1100,5,48,216500
235,6,987,358,483,483,264,1680,1971,1971,0,1,0,504,3,0,89500
236,7,1414,24,1414,1414,494,8773,2004,2004,1,2,132,0,5,105,185500
237,7,1744,402,996,1014,457,9453,1993,2003,1,2,370,730,7,70,194500
238,8,1694,0,1694,1694,818,12030,2007,2007,1,3,168,0,5,228,318000
239,6,1487,94,735,798,220,8741,1945,1950,0,1,0,689,4,140,113000
240,8,1566,1078,1566,1566,750,9000,2008,2008,1,2,144,0,5,168,262500
241,5,866,329,686,866,0,3880,1945,1997,0,0,58,0,9,42,110500
242,5,1440,0,540,889,352,5000,1900,1950,1,1,0,551,4,0,79000
243,6,1217,0,626,626,288,10762,1980,1980,1,1,0,591,6,28,120000
244,7,2110,695,948,1222,463,8880,1994,2002,1,2,0,888,5,130,205000
245,7,1872,929,1845,1872,604,10400,1988,1988,1,2,197,0,5,39,241500
246,6,1928,0,1020,908,440,9142,1910,1950,0,1,0,1020,8,60,137000
247,6,1375,0,1367,1375,451,11310,1954,1954,1,2,0,0,5,30,140000
248,7,1668,0,840,840,500,11317,2003,2003,1,2,144,828,5,68,180000
249,6,2144,697,1444,1444,389,159000,1958,2006,1,2,0,700,7,98,277000
250,3,1306,0,728,1306,0,5350,1940,1966,0,0,263,0,2,0,76500
251,8,1625,1573,1573,1625,538,4750,2006,2007,1,2,123,0,5,0,235000
252,6,1640,0,798,798,520,8366,2004,2004,1,2,138,842,5,45,173000
253,6,1302,270,1302,1302,309,9350,1964,1991,1,1,333,0,7,0,158000
254,5,1314,922,1314,1314,294,8400,1957,1957,1,1,250,0,6,0,145000
255,7,2291,0,975,1005,429,8738,1999,1999,0,2,192,1286,5,0,230000
256,6,1728,503,864,864,673,8791,2003,2003,1,2,216,864,5,56,207500
257,7,1604,1334,1604,1604,660,8814,2006,2006,1,2,123,0,5,110,220000
258,7,1792,361,963,963,564,12435,2001,2001,1,2,0,829,5,96,231500
259,5,882,0,0,882,308,12702,1956,1956,0,1,0,0,5,45,97000
260,6,1382,672,1362,1382,884,19296,1962,1962,1,2,0,0,5,0,176000
261,8,2574,0,1482,1482,868,9588,2007,2007,0,3,0,1092,5,148,276000
262,6,1212,506,506,1212,492,8471,1977,1995,1,2,292,0,7,12,151000
263,5,1316,234,926,926,484,5500,1929,2001,0,2,0,0,7,0,130000
264,5,764,0,680,764,504,5232,1925,2004,0,2,0,0,5,0,73000
265,6,1422,588,1422,1422,576,12090,1981,1981,1,2,276,0,6,0,175500
266,6,1511,714,802,802,413,11207,1997,1997,1,2,95,709,5,75,185000
267,5,2192,378,720,1052,240,8400,1939,1997,0,1,262,720,8,24,179500
268,5,778,403,740,778,924,6900,1940,1955,0,1,0,0,6,25,120500
269,6,1113,751,1143,1113,504,7917,1976,1976,1,1,370,0,7,30,148000
270,8,1939,0,1095,1095,1053,10728,2006,2006,1,3,192,844,5,51,266000
271,7,1363,226,1385,1363,439,39104,1954,2005,1,2,81,0,7,0,241500
272,8,2270,524,1152,1164,671,11764,1999,2007,1,3,132,1106,7,57,290000
273,6,1632,620,1240,1632,338,9600,1958,1988,1,1,289,0,6,0,139000
274,5,816,546,816,816,264,8314,1982,1982,1,1,168,0,7,0,124500
275,7,1548,0,952,952,672,7264,1925,2007,0,2,74,596,7,0,205000
276,7,1560,0,1560,1560,573,9196,2003,2003,1,2,100,0,5,150,201000
277,4,864,120,864,864,400,19138,1951,1951,0,2,0,0,5,0,141000
278,9,2121,0,2121,2121,732,14450,2006,2007,1,3,124,0,5,98,415298
279,7,2022,392,1160,1156,505,10005,1977,1977,1,2,288,866,5,117,192000
280,7,1982,421,807,1175,575,11287,1989,1989,1,2,0,807,6,84,228500
281,6,1262,905,1262,1262,572,7200,2006,2006,1,2,0,0,5,120,185000
282,7,1314,904,1314,1314,626,5063,2007,2008,1,2,172,0,5,62,207500
283,8,1468,0,1468,1468,898,9612,2008,2009,1,3,210,0,5,150,244600
284,6,1575,430,1575,1575,529,8012,1992,1992,1,2,0,0,5,0,179200
285,7,1250,0,625,625,528,4251,2006,2007,0,2,0,625,5,54,164700
286,6,1734,600,912,1085,440,9786,1962,1981,1,2,0,649,7,0,159000
287,4,858,614,858,858,0,8125,1971,1971,0,0,0,0,4,0,88000
288,5,900,450,882,900,280,9819,1967,1967,0,1,0,0,5,0,122000
289,6,1396,0,698,698,384,8730,1915,2003,0,1,0,698,7,0,153575
290,8,1919,0,1079,1079,685,15611,2006,2006,1,2,0,840,5,51,233230
291,5,1716,210,780,936,0,5687,1912,2000,0,0,0,780,6,184,135900
292,5,1716,292,768,1148,281,11409,1949,2008,1,1,0,568,4,0,131000
293,7,2263,795,795,1468,539,16659,1977,1994,1,2,0,795,7,250,235000
294,6,1644,1285,1416,1644,418,9600,1953,1953,1,2,110,0,5,0,167000
295,6,1003,819,1003,1003,588,7937,1984,1984,0,2,120,0,6,0,142500
296,5,1558,420,910,910,282,13710,1950,1950,1,1,289,648,5,0,152000
297,7,1950,649,975,975,576,7399,1997,1998,0,2,0,975,5,10,239000
298,6,1743,384,702,1041,539,11700,1968,1968,1,2,224,702,6,0,175000
299,6,1152,0,1092,1152,300,14000,1950,2004,1,1,0,0,8,36,158500
300,5,1336,841,1165,1336,375,15750,1953,1953,1,1,0,0,5,0,157000
301,8,2452,281,1028,1210,683,16226,1998,1999,0,2,208,1242,5,50,267000
302,7,1541,0,1541,1541,843,13704,2001,2002,1,3,468,0,5,81,205000
303,5,894,894,894,894,552,9800,1972,1972,1,2,256,0,7,0,149900
304,7,3493,0,1470,1675,870,18386,1880,2002,1,3,302,1818,9,0,295000
305,8,2000,1464,2000,2000,888,10386,2004,2005,1,3,168,0,5,0,305900
306,7,2243,700,700,1122,746,13474,1990,1991,1,3,127,1121,5,44,225000
307,6,1406,0,319,1035,0,7920,1920,1950,0,0,0,371,7,144,89500
308,4,861,262,861,861,539,12342,1940,1950,0,2,158,0,5,0,82500
309,9,1944,1274,1896,1944,708,12378,2003,2004,1,3,208,0,5,175,360000
310,6,1501,518,697,697,420,7685,1993,1994,1,2,190,804,5,63,165600
311,6,972,680,972,972,240,8000,1948,2002,0,1,0,0,6,0,132000
312,5,1118,507,793,793,410,7800,1939,1950,0,2,0,325,7,0,119900
313,7,2036,1236,2136,2036,513,215245,1965,1965,1,2,0,0,5,0,375000
314,7,1641,16,728,832,546,9600,1925,1990,0,2,0,809,7,0,178000
315,7,1432,425,716,716,432,7795,2004,2005,1,2,100,716,5,51,188500
316,7,2353,692,845,1153,484,13005,1980,1980,1,2,288,1200,7,195,260000
317,8,1959,0,1088,1088,1025,9000,2006,2006,1,3,208,871,5,46,270000
318,7,2646,987,1347,1372,656,9900,1993,1993,1,3,340,1274,5,60,260000
319,7,1472,1036,1372,1472,588,14115,1980,1980,1,2,233,0,5,48,187500
320,9,2596,0,1249,1249,840,16259,2006,2006,1,3,240,1347,5,154,342643
321,8,2468,970,1136,1136,872,12099,2004,2004,0,3,184,1332,5,154,354000
322,7,2730,28,1502,1553,576,10380,1986,1987,1,2,201,1177,5,96,301000
323,3,1163,256,1162,1163,220,5820,1955,2005,1,1,142,0,8,98,126175
324,7,2978,0,710,1898,564,11275,1967,2007,0,2,240,1080,7,0,242000
325,5,803,116,720,803,360,5000,1941,1950,0,2,0,0,6,0,87000
326,8,1719,1619,1719,1719,473,10846,1993,1993,1,2,122,0,5,30,324000
327,6,1383,565,1383,1383,292,11600,1960,1960,1,1,0,0,5,45,145250
328,6,2134,0,844,1445,441,11888,1916,1994,0,2,0,689,6,60,214500
329,5,1192,0,596,596,189,6402,1920,1950,0,1,0,596,5,0,78000
330,5,1728,40,1728,1728,352,10624,1964,1964,0,1,155,0,4,0,119000
331,5,1056,846,1056,1056,308,8176,1958,1992,1,1,0,0,6,0,139000
332,8,1629,1124,3206,1629,880,10655,2003,2004,1,3,0,0,5,0,284000
333,7,1358,720,1358,1358,484,8198,2004,2004,1,2,192,0,5,30,207000
334,6,1638,828,943,943,472,9042,1998,1998,1,2,100,695,5,38,192000
335,5,1786,1249,1499,1619,529,164660,1965,1965,1,2,670,167,6,0,228950
336,9,1922,1249,1922,1922,676,14157,2005,2006,1,3,178,0,5,51,377426
337,7,1536,810,1536,1536,532,9135,2002,2003,1,2,192,0,5,74,214000
338,7,1621,213,1208,1621,440,14145,1984,1998,1,2,108,0,7,45,202500
339,6,1215,585,1215,1215,297,12400,1958,1998,1,1,0,0,7,0,155000
340,8,1908,0,967,993,431,14191,2002,2002,1,2,135,915,5,0,202900
341,4,841,0,721,841,294,8400,1950,1950,0,1,250,0,4,0,82000
342,3,1040,0,0,1040,400,8544,1949,1950,0,2,0,0,4,0,87500
343,9,1684,28,1684,1684,564,8849,2005,2005,1,2,495,0,5,72,266000
344,5,1112,129,536,536,336,2592,1976,1976,1,1,182,576,3,0,85000
345,6,1577,0,972,972,312,6435,1939,1950,0,1,0,605,5,0,140200
346,6,958,498,958,958,301,12772,1960,1998,1,1,0,0,8,0,151500
347,6,1478,1270,1478,1478,498,17600,1960,1960,1,2,0,0,5,40,157500
348,7,1626,573,764,764,474,2448,2003,2004,0,2,0,862,5,27,154000
349,9,2728,1410,1848,1848,706,20431,2005,2006,1,3,0,880,5,0,437154
350,9,1869,0,1869,1869,617,7820,2007,2007,1,2,210,0,5,54,318061
351,7,1453,1082,1453,1453,445,5271,1986,1986,1,2,0,0,5,80,190000
352,5,1111,236,616,616,200,9084,1941,1950,0,1,48,495,6,0,95000
353,6,720,0,624,720,484,8520,1928,2003,0,2,106,0,8,0,105900
354,6,1595,388,940,1192,240,8400,1940,2000,1,1,0,403,5,0,140000
355,6,1200,334,1200,1200,521,11249,1995,1995,1,2,0,0,5,26,177500
356,6,1167,560,1158,1167,400,9248,1992,1992,1,2,120,0,6,26,173000
357,5,1142,874,1142,1142,528,4224,1976,1976,1,2,536,0,5,90,134000
358,5,1352,300,1062,1352,288,6930,1958,1958,0,1,168,0,4,0,130000
359,8,1924,956,1086,1086,592,12011,1998,1998,1,2,208,838,5,75,280000
360,6,912,773,888,912,470,7540,1978,1978,1,2,0,0,6,0,156000
361,5,1505,399,883,988,240,9144,1940,1982,0,1,0,517,5,0,145000
362,7,1922,0,0,495,672,7301,2003,2003,0,2,0,1427,5,0,198500
363,6,987,162,483,483,264,1680,1972,2007,0,1,250,504,8,0,118000
364,6,1574,712,796,790,566,18800,1976,1976,1,2,306,784,5,111,190000
365,5,1344,456,672,672,468,10690,1920,1997,0,1,0,672,7,128,147000
366,6,1394,609,1394,1394,514,9500,1963,1963,1,2,0,0,5,76,159000
367,6,1431,371,1099,1431,296,9150,1962,1962,0,1,64,0,5,110,165000
368,5,1268,540,1268,1268,244,7800,1954,1954,1,1,0,0,6,98,132000
369,5,1287,72,1063,1287,576,9830,1959,2006,0,2,364,0,7,17,162000
370,6,1664,0,953,953,460,8121,2000,2000,1,2,100,711,5,40,172400
371,4,1588,0,0,1120,680,17120,1959,1959,0,2,0,468,4,59,134432
372,6,752,623,744,752,264,7175,1984,1984,1,1,353,0,5,0,125000
373,5,1319,428,608,1319,270,10634,1953,1953,1,1,66,0,6,0,123000
374,7,1928,0,847,847,434,8200,2003,2004,0,2,100,1081,5,48,219500
375,1,904,350,683,904,0,10020,1922,1950,0,0,0,0,1,0,61000
376,5,914,298,870,914,576,8846,1996,1996,0,2,0,0,5,0,148000
377,8,2466,0,1580,1580,610,11143,2004,2005,1,2,159,886,5,214,340000
378,9,1856,1445,1856,1856,834,11394,2010,2010,1,3,113,0,2,0,394432
379,6,1800,0,982,1007,463,8123,2000,2000,1,2,100,793,5,63,179000
380,5,1691,218,1026,1026,308,5000,1924,1950,0,1,0,665,6,0,127000
381,7,1301,0,1293,1301,572,7200,2006,2006,1,2,216,0,5,121,187750
382,7,1797,0,939,939,639,9245,2006,2006,1,2,144,858,5,53,213500
383,6,784,0,784,784,360,9000,1928,1950,0,2,0,0,3,0,76000
384,6,1953,985,1580,1079,501,53107,1992,1992,1,2,216,874,5,231,240000
385,8,1269,24,1256,1269,430,3182,2004,2005,1,2,146,0,5,20,192000
386,5,1184,0,658,658,0,8410,1910,1996,0,0,0,526,3,151,81000
387,6,1125,631,1041,1125,352,7200,1976,1976,0,1,296,0,6,0,125000
388,7,1479,0,1468,1479,577,9382,1999,2000,1,2,120,0,5,25,191000
389,10,2332,1280,1682,1742,846,12474,2007,2008,0,3,196,590,5,134,426000
390,5,1367,241,861,961,384,8405,1900,1950,0,1,0,406,8,130,119000
391,6,1961,690,804,804,560,12209,2001,2002,0,2,125,1157,5,192,215000
392,5,882,0,0,882,294,8339,1959,1959,1,1,0,0,7,0,106500
393,4,788,266,788,788,0,7446,1941,1950,0,0,0,0,5,0,100000
394,5,1034,0,735,735,240,10134,1940,1950,0,1,0,299,6,39,109000
395,5,1144,739,1144,1144,596,9571,1956,1956,1,1,44,0,6,0,129000
396,5,894,777,894,894,600,7200,1972,1972,0,2,215,0,5,0,123000
397,5,1812,540,864,876,264,7590,1962,1962,1,1,0,936,5,168,169500
398,5,1077,0,961,1077,338,8967,1920,1950,0,1,0,0,2,0,67000
399,7,1550,812,1092,1112,438,8125,2006,2007,1,2,0,438,5,168,241000
400,8,1288,786,1260,1288,500,14963,1996,1996,1,2,120,0,5,30,245500
401,7,1310,24,1310,1310,400,8767,2005,2005,1,2,0,0,5,0,164990
402,5,672,0,672,672,240,10200,1940,1997,0,1,168,0,8,0,108000
403,8,2263,0,1141,1165,420,12090,1998,1998,0,2,144,1098,5,123,258000
404,6,1572,0,806,806,373,10364,1995,1996,0,2,0,766,5,40,168000
405,4,1620,1116,1281,1620,490,9991,1976,1993,1,2,120,0,4,78,150000
406,6,1639,0,1064,1166,240,10480,1936,1950,0,1,0,0,5,0,115000
407,6,1680,0,840,840,308,15576,1915,1976,1,1,0,840,7,0,177000
408,7,2172,0,1063,1071,947,14154,2006,2006,1,3,192,1101,5,62,280000
409,8,2078,789,1034,1050,836,10800,2007,2008,1,3,0,1028,5,102,339750
410,5,1276,0,1276,1276,350,9571,1958,1958,1,1,0,0,3,0,60000
411,5,1056,1056,1056,1056,572,34650,1955,1955,1,2,264,0,5,0,145000
412,7,1478,578,1470,1478,484,4403,2009,2009,1,2,0,0,5,144,222000
413,5,1028,0,1008,1028,360,8960,1927,1950,0,2,0,0,6,0,115000
414,7,2097,50,1080,1080,678,11228,1993,1993,1,3,196,1017,5,187,228000
415,7,1340,24,1340,1340,396,8899,2007,2007,1,2,100,0,5,30,181134
416,6,1400,209,672,672,440,7844,1978,1978,1,2,0,728,7,0,149500
417,6,2624,1128,1370,1370,864,22420,1918,1950,0,3,0,1254,6,0,239000
418,5,1134,312,756,756,240,8160,1940,1950,0,1,0,378,6,0,126000
419,5,1056,775,1056,1056,304,8450,1968,1968,1,1,0,0,6,85,142000
420,7,1344,1309,1344,1344,784,7060,1997,1998,1,4,0,0,5,0,206300
421,6,1602,1246,1602,1602,529,16635,1977,2000,1,2,240,0,7,0,215000
422,5,988,0,988,988,520,21750,1954,1954,1,2,0,0,5,0,113000
423,8,2630,986,1470,1470,696,9200,1998,1998,1,3,0,1160,5,66,315000
424,6,1196,616,1196,1196,297,9000,1956,1956,1,1,0,0,5,44,139000
425,7,1389,0,651,707,240,3378,1946,1992,0,1,0,682,8,0,135000
426,7,1644,1518,1518,1644,569,12800,1989,1989,1,2,80,0,5,0,275000
427,4,907,288,907,907,352,8593,1957,1957,0,1,0,0,6,0,109008
428,7,1208,664,1208,1208,628,6762,2007,2007,1,2,105,0,5,54,195400
429,6,1412,1005,1392,1412,576,11457,1988,1988,1,2,0,0,5,0,175000
430,6,987,387,483,483,264,1680,1971,1971,0,1,0,504,5,0,85400
431,6,1198,0,901,1088,0,5586,1920,1998,0,0,0,110,7,98,79900
432,5,1365,471,765,765,440,1920,1971,1971,0,2,240,600,5,36,122500
433,6,1604,0,926,926,470,10839,1997,1998,1,2,0,678,5,36,181000
434,4,630,495,630,630,0,1890,1972,1972,0,0,88,0,7,0,81000
435,7,1661,385,799,827,550,10667,1996,1996,1,2,158,834,6,61,212000
436,6,1118,0,648,734,440,4400,1920,1950,0,2,0,384,8,0,116000
437,6,904,0,884,904,180,6000,1926,2004,0,1,0,0,7,0,119000
438,5,694,365,440,694,352,4280,1913,2002,0,1,0,0,6,0,90350
439,6,1196,0,684,684,528,12354,1920,2000,0,2,0,512,8,46,110000
440,10,2402,1767,3094,2402,672,15431,2008,2008,1,3,0,0,5,72,555000
441,4,1440,133,1440,1440,0,12108,1955,1955,0,0,0,0,4,0,118000
442,5,1573,0,1078,1128,360,6240,1930,1992,0,2,0,445,7,0,162900
443,7,1258,0,1258,1258,648,3922,2006,2007,1,3,144,0,5,16,172500
444,7,1908,642,915,933,493,8750,1994,1995,1,2,144,975,5,133,210000
445,6,1689,0,1436,1689,480,9855,1956,1956,1,2,0,0,5,0,127500
446,6,1888,247,1517,1888,578,16492,1966,2002,1,2,0,0,6,0,190000
447,7,1886,0,930,956,431,11214,1998,1999,1,2,89,930,5,0,199900
448,6,1376,0,780,780,198,8600,1937,1950,0,1,0,596,6,0,119500
449,3,1183,331,649,679,308,6000,1948,2002,0,1,0,504,7,176,120000
450,6,813,0,813,813,270,5684,1930,2005,0,1,0,0,8,113,110000
451,7,1533,655,1533,1533,576,70761,1975,1975,1,2,200,0,5,54,280000
452,6,1756,742,872,888,422,9303,1996,1997,1,2,144,868,5,122,204000
453,8,1590,0,768,786,676,9000,2008,2008,1,2,0,804,5,30,210000
454,5,1728,1606,1728,1728,560,9297,1976,1976,0,2,0,0,5,0,188000
455,7,1242,916,1242,1242,528,9600,1973,1973,1,2,0,0,6,0,175500
456,5,1344,0,624,624,513,4571,1916,1950,0,3,0,720,5,0,98000
457,4,1663,1116,1364,1663,529,53227,1954,1994,1,2,224,0,6,137,256000
458,8,1666,0,588,833,228,5100,1925,1996,0,1,192,833,7,63,161000
459,5,1203,185,709,979,352,7015,1950,1950,0,1,0,224,4,0,110000
460,8,1935,544,832,832,552,8004,2009,2009,0,2,0,1103,5,150,263435
461,7,1135,350,560,575,576,7200,1936,2007,0,2,256,560,9,0,155000
462,5,864,553,864,864,360,8281,1965,1965,0,1,0,0,5,0,62383
463,6,1660,326,715,849,240,11988,1934,1995,0,1,0,811,7,0,188700
464,5,1040,616,1040,1040,0,8430,1978,1978,0,0,0,0,5,0,124000
465,7,1414,0,1375,1414,398,3072,2004,2004,1,2,144,0,5,20,178740
466,7,1277,778,1277,1277,526,10628,1970,1970,1,2,0,0,5,0,167000
467,5,1644,386,728,888,312,9480,1942,1995,1,1,168,756,7,0,146500
468,8,1634,0,1626,1634,866,11428,2006,2006,1,3,0,0,5,44,250000
469,6,1710,426,832,832,506,9291,1993,1993,1,2,144,878,5,70,187000
470,8,1502,368,1488,1502,528,6820,1985,1985,1,2,0,0,5,54,212000
471,7,1969,0,808,1161,534,11952,1977,1977,1,2,0,808,6,0,190000
472,6,1072,459,547,1072,525,3675,2005,2005,0,2,0,0,5,28,148000
473,8,1976,1350,1976,1976,908,14977,2006,2007,1,3,250,0,5,63,440000
474,8,1652,1196,1494,1652,499,5330,2000,2000,1,2,96,0,5,48,251000
475,5,970,630,970,970,624,8480,1963,1963,0,2,0,0,6,24,132500
476,6,1493,994,1478,1493,508,13125,1997,1998,1,2,140,0,5,39,208900
477,9,2643,0,2153,2069,694,13693,2006,2006,0,3,414,574,5,84,380000
478,8,1718,1288,1705,1718,826,10637,2007,2008,1,3,208,0,5,44,297000
479,4,1131,168,907,1131,672,5925,1937,2000,0,2,0,0,7,72,89471
480,9,1850,1261,1833,1850,772,16033,2004,2005,1,3,519,0,5,112,326000
481,9,1792,1567,1792,1792,874,11846,2003,2004,1,3,206,0,5,49,374000
482,7,1826,299,910,916,164,2500,1915,2005,1,1,0,910,8,0,155000
483,6,1216,897,1216,1216,402,4500,1998,1998,1,2,0,0,5,125,164000
484,5,999,588,999,999,264,7758,1962,2001,0,1,0,0,7,132,132500
485,5,1113,607,1113,1113,264,9600,1950,2007,1,1,0,0,7,80,147000
486,5,1073,836,1073,1073,515,10289,1965,1965,1,2,0,0,7,0,156000
487,5,1484,998,1484,1484,487,12243,1971,1971,1,2,224,0,6,0,175000
488,5,2414,664,954,1766,520,10800,1900,1970,1,2,142,648,4,0,160000
489,4,630,515,630,630,286,1526,1970,2002,1,1,0,0,8,0,86000
490,5,1304,0,264,616,336,2665,1976,1976,0,1,141,688,6,24,115000
491,6,1578,403,806,958,240,9490,1941,1950,1,1,0,620,7,0,133000
492,6,1456,0,728,728,429,15578,2006,2006,1,2,0,728,5,0,172785
493,5,1269,374,1269,1269,308,7931,1960,1960,0,1,0,0,6,0,155000
494,5,886,0,190,886,273,5784,1938,1996,1,1,144,0,8,20,91300
495,4,720,495,720,720,0,7879,1920,1950,0,0,0,0,5,523,34900
496,8,3228,1231,3200,3228,546,12692,1992,1993,1,2,264,0,5,75,430000
497,7,1820,329,1026,1133,240,9120,1925,1950,0,1,0,687,6,100,184000
498,5,899,450,864,899,288,7800,1967,2004,1,1,64,0,7,0,130000
499,5,912,111,912,912,297,7535,1958,1985,1,1,12,0,7,285,120000
500,6,1218,356,672,672,264,1890,1973,1973,0,1,144,546,5,28,113000
501,7,1768,400,866,866,603,9803,2005,2005,1,2,0,902,5,108,226700
502,5,1214,698,1214,1214,461,9170,1965,1965,0,2,0,0,7,0,140000
503,7,1801,1247,1501,1801,484,15602,1959,1997,1,2,0,0,8,54,289000
504,6,1322,257,855,855,440,2308,1974,1974,1,2,260,467,5,0,147000
505,5,1960,0,960,960,400,7596,1952,1952,0,2,0,1000,5,0,124500
506,8,1911,380,777,1065,471,9554,1993,1994,1,2,182,846,5,81,215000
507,6,1218,27,1218,1218,676,7862,2009,2009,1,2,0,0,5,102,208300
508,7,1378,141,689,689,360,9600,1928,2005,0,2,0,689,9,0,161000
509,5,1041,991,1041,1041,270,9600,1959,1959,1,1,224,0,6,88,124500
510,5,1363,650,1008,1363,288,14559,1951,2000,0,1,324,0,7,42,164900
511,7,1368,0,1368,1368,474,6792,2005,2006,1,2,132,0,5,35,202665
512,5,864,521,864,864,624,9100,1958,1958,0,2,0,0,5,0,129900
513,6,1080,336,1084,1080,484,9187,1983,1983,1,2,120,0,5,0,134000
514,5,789,0,768,789,200,10594,1926,1950,0,1,0,0,5,0,96500
515,10,2020,1436,2006,2020,900,12220,2009,2009,1,3,156,0,5,54,402861
516,6,2119,0,689,1378,583,10448,1972,1972,1,2,0,741,6,104,158000
517,7,2344,0,1264,1277,889,10208,1996,1997,1,3,220,1067,5,0,265000
518,6,1796,706,794,882,546,9531,1998,1998,1,2,0,914,5,36,211000
519,7,2080,0,1276,1276,282,10918,1926,2004,0,1,0,804,9,0,234000
520,4,1294,0,0,694,0,10800,1900,2000,0,0,220,600,7,114,106250
521,6,1244,777,1244,1244,336,11988,1957,1957,1,1,0,0,6,40,150000
522,6,1664,399,1004,1004,420,5000,1947,1950,0,2,0,660,7,24,159000
523,10,4676,2260,3138,3138,884,40094,2007,2008,0,3,208,1538,5,406,184750
524,7,2398,719,1379,1383,834,11787,1996,1997,1,3,239,1015,5,60,315750
525,7,1266,0,1257,1266,453,7500,2005,2005,1,2,38,0,5,144,176000
526,5,928,377,928,928,252,13300,1956,2000,1,1,261,0,7,0,132000
527,9,2713,1330,1452,1476,858,14948,2008,2008,1,3,126,1237,5,66,446261
528,4,605,348,528,605,0,9098,1920,2002,0,0,0,0,7,0,86000
529,6,2515,1219,2035,2515,484,32668,1957,1975,1,2,0,0,3,0,200624
530,6,1509,783,1461,1509,600,10200,1988,1989,1,2,224,0,5,0,175000
531,6,1362,0,611,751,502,6155,1920,1999,0,2,0,611,8,0,128000
532,5,827,0,0,827,392,7200,1955,2007,0,1,0,0,7,0,107500
533,1,334,0,0,334,0,5000,1946,1950,0,0,0,0,3,0,39300
534,8,1414,0,707,707,403,9056,2004,2004,1,2,100,707,5,35,178000
535,5,1347,969,1117,820,0,7000,1910,1991,0,0,85,527,7,0,107500
536,7,1724,0,880,880,527,8924,1998,1999,1,2,120,844,5,155,188000
537,4,864,600,864,864,576,12735,1972,1972,0,2,216,0,5,0,111250
538,5,1159,673,1051,1159,336,11553,1968,1968,1,1,466,0,5,0,158000
539,8,1601,1358,1581,1601,670,11423,2001,2002,1,2,180,0,5,0,272000
540,9,1838,1260,1838,1838,765,14601,2006,2006,1,3,270,0,5,68,315000
541,8,2285,0,969,997,648,11000,2000,2000,0,3,0,1288,5,56,248000
542,7,1680,144,1650,1680,583,10140,1998,1999,1,2,78,0,5,73,213250
543,7,767,584,723,767,367,4058,1998,1998,1,1,120,0,5,40,133000
544,7,1496,554,654,664,426,17104,2006,2006,1,2,100,832,5,24,179665
545,7,2183,1002,1204,1377,786,13837,1988,1988,1,3,0,806,5,0,229000
546,6,1635,300,1065,915,440,8737,1923,1950,0,2,0,720,7,38,210000
547,5,768,619,768,768,624,7244,1970,1970,0,2,104,0,7,0,129500
548,5,825,180,825,825,720,8235,1955,1995,0,2,140,0,7,50,125000
549,7,2094,0,912,912,615,9375,2003,2004,0,2,182,1182,5,182,263000
550,6,1069,559,1069,1069,440,4043,1977,1977,1,2,0,0,6,55,140000
551,5,928,308,928,928,288,6000,1957,1957,1,1,0,0,6,0,112500
552,8,1717,0,1709,1717,908,11146,2006,2006,1,3,169,0,5,39,255500
553,4,1126,0,0,1126,520,8777,1949,2003,0,2,0,0,5,96,108000
554,7,2046,866,998,1006,871,10625,2003,2004,0,3,320,1040,5,62,284000
555,5,1048,0,993,1048,280,6380,1922,1950,0,1,0,0,6,0,113000
556,5,1092,895,1092,1092,299,14850,1957,1957,1,1,268,0,5,0,141000
557,4,1336,637,637,897,570,11040,1920,1950,0,1,0,439,6,47,108000
558,7,1446,604,729,729,406,21872,1996,1997,1,2,264,717,5,22,175000
559,7,1557,0,1374,1557,420,3196,2003,2004,1,2,143,0,5,20,234000
560,5,1392,1302,1392,1392,528,11341,1957,1996,0,2,0,0,6,0,121500
561,5,1389,1071,1389,1389,418,10010,1974,1975,1,2,240,0,5,38,170000
562,5,996,290,996,996,0,13907,1940,1969,0,0,144,0,6,0,108000
563,6,1674,0,1163,1163,396,21780,1918,1950,0,2,72,511,7,36,185000
564,7,2295,728,1095,1166,590,13346,1992,2000,1,2,0,1129,5,40,268000
565,6,1647,0,806,841,216,6858,1915,1950,0,1,0,806,4,66,128000
566,9,2504,0,1122,1134,656,11198,2005,2007,0,3,144,1370,5,39,325000
567,7,1535,2,1517,1535,532,10171,2004,2004,1,2,0,0,5,0,214000
568,8,2132,1441,1496,1496,612,12327,1983,2009,0,2,349,636,8,40,316600
569,5,943,943,943,943,600,7032,1979,1979,0,2,42,0,5,0,135960
570,5,1728,231,1728,1728,576,13101,1965,1965,0,2,0,0,5,0,142600
571,6,864,414,864,864,288,7332,1959,1959,1,1,168,0,6,0,120000
572,7,1692,0,846,846,650,13159,2009,2009,1,2,208,846,5,114,224500
573,7,1430,0,384,774,400,9967,2000,2000,0,2,100,656,5,0,170000
574,5,1109,349,372,576,288,10500,1971,2005,0,1,35,533,7,0,139000
575,5,1216,442,832,832,336,8480,1947,1950,0,1,158,384,5,0,118500
576,7,1477,0,861,877,216,6292,1928,1950,0,1,0,600,7,50,145000
577,5,1320,328,1164,1320,564,11777,1966,1966,1,2,160,0,6,68,164500
578,7,1392,0,689,703,540,3604,2007,2007,0,2,0,689,5,102,146000
579,5,1795,0,1050,1050,352,12150,1954,1954,1,1,0,745,5,0,131500
580,6,1429,594,1144,1429,572,14585,1960,1987,1,2,216,0,6,110,181900
581,8,2042,0,2042,2042,1390,12704,2008,2009,1,3,0,0,5,90,253293
582,6,816,816,816,816,0,11841,1990,1990,0,0,0,0,5,32,118500
583,10,2775,0,1237,1521,880,13500,1893,2000,0,2,105,1254,9,502,325000
584,4,1573,0,884,989,240,6120,1935,1995,0,1,0,584,7,0,133000
585,8,2028,1460,1868,2028,880,11443,2005,2006,1,3,326,0,5,66,369900
586,6,838,210,816,838,275,10267,1918,2000,0,1,0,0,7,0,130000
587,5,860,672,840,860,528,8740,1982,1982,0,2,0,0,6,0,137000
588,5,1473,1324,1437,1473,452,25095,1968,2003,1,1,0,0,8,48,143000
589,5,935,0,742,779,308,9100,1930,1960,0,1,0,0,6,0,79500
590,7,1582,490,770,770,520,8320,2004,2004,1,2,0,812,5,45,185900
591,10,2296,1338,1722,1728,842,13478,2008,2008,0,3,382,568,5,274,451950
592,5,816,816,816,816,816,6600,1982,2003,0,2,0,0,8,0,138000
593,6,848,685,848,848,420,4435,2003,2003,1,2,140,0,5,0,140000
594,5,924,0,924,924,280,7990,1975,1975,0,1,0,0,6,0,110000
595,8,1826,1422,1814,1826,758,11302,2005,2006,1,3,180,0,5,75,319000
596,6,1368,0,684,684,216,3600,1910,1993,0,1,0,684,7,158,114504
597,7,1402,0,1258,1402,648,3922,2006,2007,1,3,120,0,5,16,194201
598,5,1647,1283,1430,1647,621,12984,1977,1977,1,2,0,0,6,0,217500
599,6,1556,81,716,716,452,1950,1980,1980,1,2,161,840,6,0,151000
600,8,1904,546,1058,1058,736,10927,2005,2005,0,2,179,846,5,60,275000
601,6,1375,0,780,780,544,9000,1937,1950,0,1,0,595,6,162,141000
602,8,1915,789,908,927,506,10041,1992,1992,1,2,120,988,5,150,220000
603,7,1200,0,600,600,480,3182,2004,2005,0,2,0,600,5,172,151000
604,7,1494,922,1494,1494,530,12803,2002,2002,1,2,192,0,5,36,221000
605,7,1986,454,768,1186,486,13600,1965,1990,1,2,0,800,6,42,205000
606,5,1040,732,1040,1040,576,12464,1996,1996,0,2,168,0,5,0,152000
607,5,2008,603,896,1112,230,7800,1948,2002,1,1,103,896,8,0,225000
608,8,3194,428,965,1940,380,12168,1934,1998,0,2,0,1254,6,0,359100
609,4,1029,903,1029,1029,261,7943,1961,1961,1,1,64,0,5,0,118500
610,9,2153,904,1440,1476,736,11050,2000,2000,1,3,253,677,5,142,313000
611,6,1032,605,1032,1032,564,10395,1978,1978,1,2,0,0,6,0,148000
612,8,1872,990,1299,1299,531,11885,2001,2001,0,2,160,573,5,122,261500
613,5,1120,206,1120,1120,0,8402,2007,2007,0,0,0,0,5,30,147000
614,4,630,150,630,630,0,1491,1972,1972,0,0,96,0,6,24,75500
615,6,1054,763,936,1054,480,8800,1963,1963,1,2,120,0,7,0,137500
616,6,1509,457,783,807,393,7861,2002,2003,1,2,100,702,5,75,183200
617,6,832,0,832,832,528,7227,1954,1954,0,2,0,0,6,0,105500
618,9,1828,48,1822,1828,774,11694,2007,2007,1,3,0,0,5,108,314813
619,8,2262,871,1482,1482,749,12244,2003,2003,1,3,168,780,5,0,305000
620,3,864,41,864,864,0,8248,1914,1950,0,0,0,0,3,0,67000
621,6,2614,956,1522,1548,624,10800,1974,1997,1,2,38,1066,7,243,240000
622,5,980,560,980,980,484,7064,1977,1977,0,2,192,0,6,0,135000
623,6,1512,420,756,756,440,2117,2000,2000,0,2,0,756,5,32,168500
624,6,1790,247,732,1012,484,10400,1972,1972,1,2,148,778,5,0,165150
625,6,1116,0,1116,1116,440,10000,1962,1962,1,2,0,0,6,0,160000
626,5,1422,0,978,1422,286,12342,1960,1978,1,1,0,0,5,0,139900
627,6,1520,674,1156,1520,364,9600,1955,1972,0,1,0,0,6,0,153000
628,5,2080,650,1040,1040,504,11606,1969,1969,1,2,335,1040,5,0,135000
629,6,1350,624,1248,1350,520,9020,1964,1964,1,2,176,0,5,0,168500
630,5,1750,0,636,1089,240,9000,1880,1991,0,1,0,661,6,0,124000
631,8,1554,24,1554,1554,627,4590,2006,2006,1,2,156,0,5,73,209500
632,7,1411,822,1386,1411,544,11900,1977,1977,1,2,192,0,5,0,82500
633,5,1056,480,1056,1056,260,9250,1954,2005,1,1,390,0,7,0,139400
634,6,1056,1056,1056,1056,576,6979,1980,1980,0,2,264,0,5,56,144000
635,6,3395,256,1440,1440,0,10896,1914,1995,0,0,0,1440,7,110,200000
636,2,800,0,264,800,0,6120,1936,1950,0,0,0,0,3,0,60000
637,5,1387,0,811,811,256,6000,1954,1954,0,1,0,576,4,0,93000
638,5,796,0,796,796,0,8777,1910,1950,0,0,328,0,7,0,85000
639,8,1567,1154,1520,1567,648,3982,2006,2006,1,3,312,0,5,0,264561
640,8,1518,1218,1518,1518,588,12677,2003,2004,1,2,185,0,5,140,274000
641,7,1929,738,1057,1057,650,7050,2001,2001,1,2,0,872,5,235,226000
642,8,2704,1410,1952,2000,538,13860,1972,1995,1,2,269,704,7,111,345000
643,5,1620,493,780,780,462,10793,1969,1969,1,2,208,840,5,0,152000
644,9,1766,1121,1766,1766,478,9187,2009,2009,1,3,195,0,5,130,370878
645,6,981,282,981,981,576,10530,1971,1971,0,2,0,0,5,312,143250
646,5,1048,0,0,1048,420,7200,1950,1950,0,2,0,0,5,27,98300
647,6,1094,500,1094,1094,495,10452,1953,1953,1,2,0,0,5,0,155000
648,6,1839,0,756,1051,442,7700,1966,1966,1,2,0,788,5,124,155000
649,4,630,131,630,630,0,1936,1970,1970,0,0,0,0,6,0,84500
650,7,1665,0,813,822,562,8125,2007,2007,1,2,0,843,6,0,205950
651,4,1510,0,755,755,296,9084,1940,1950,0,1,120,755,5,0,108000
652,7,1716,0,880,909,512,8750,1996,1996,1,2,0,807,5,120,191000
653,6,1469,0,756,756,216,10320,1906,1995,0,1,57,713,7,0,135000
654,8,2113,1696,2109,2113,839,10437,1995,1995,1,3,236,0,6,46,350000
655,6,1092,0,525,525,264,1680,1971,1971,0,1,0,567,5,0,88000
656,5,1053,806,1053,1053,312,10007,1959,2006,1,1,0,0,7,0,145500
657,7,1502,0,776,851,270,7200,1931,2000,1,1,0,651,6,0,149000
658,6,1458,0,912,912,330,17503,1948,1950,1,1,192,546,5,0,97500
659,5,1486,637,1486,1486,480,9937,1964,1999,0,2,0,0,7,0,167000
660,7,1935,0,793,1142,550,12384,1976,1976,1,2,0,793,7,113,197900
661,8,2448,1361,1629,1686,711,46589,1994,2005,1,3,517,762,7,76,402000
662,6,1392,0,1392,1392,576,13560,1968,1968,1,2,0,0,3,0,110000
663,4,1181,920,1138,1181,588,10012,1972,1972,0,2,0,0,5,0,137500
664,8,2097,1721,2077,2097,1134,20896,2005,2006,1,3,192,0,5,267,423000
665,8,1936,0,1406,1454,504,11194,2000,2000,1,2,188,482,5,124,230500
666,6,2380,187,1021,1465,596,18450,1965,1979,0,2,0,915,5,265,129000
667,6,1679,1138,1408,1679,575,8125,1994,1998,1,2,224,0,5,42,193500
668,5,1437,988,1188,1437,576,14175,1956,1987,0,2,304,0,6,0,168000
669,4,1180,0,700,1180,252,11600,1922,1950,0,1,0,0,5,0,137500
670,6,1476,193,738,738,540,8633,2005,2005,1,2,100,738,5,35,173500
671,6,1369,551,672,697,300,6629,1925,1950,0,1,147,672,6,0,103600
672,6,1208,767,1208,1208,546,11250,1977,1977,1,2,198,0,6,42,165000
673,6,1839,1186,1477,1839,416,14442,1957,2004,1,2,0,0,7,87,257500
674,6,1136,892,1136,1136,384,9200,1965,1965,1,1,426,0,6,0,140000
675,6,1441,311,855,855,440,2289,1978,1978,1,2,28,586,6,0,148500
676,4,1774,0,1095,1095,779,9600,1900,1950,0,3,0,679,2,0,87000
677,5,792,0,768,792,240,9022,1924,2006,0,1,316,0,8,0,109500
678,8,2046,0,2046,2046,834,11844,2008,2008,1,3,322,0,5,82,372500
679,5,988,827,988,988,572,9945,1961,1961,0,2,0,0,5,0,128500
680,6,923,543,923,923,264,8012,1980,1980,1,1,80,0,5,0,143000
681,5,1520,182,793,848,281,4500,1932,2000,0,1,0,672,5,0,159434
682,6,1291,1003,1291,1291,431,2887,1996,1997,1,2,307,0,5,0,173000
683,9,1668,1059,1626,1668,702,11248,2002,2002,1,3,257,0,5,45,285000
684,7,1839,0,1195,1195,486,16770,1998,1998,1,2,0,644,5,81,221000
685,7,2090,828,1190,1190,577,5062,1984,1984,1,2,219,900,5,0,207500
686,7,1761,0,874,874,578,10207,2007,2007,1,2,144,887,6,105,227875
687,7,1102,239,551,551,480,5105,2004,2004,0,2,0,551,5,60,148800
688,8,1419,945,1419,1419,567,8089,2007,2007,1,2,140,0,6,0,392000
689,6,1362,20,1362,1362,460,7577,2005,2006,1,2,192,0,5,28,194700
690,6,848,697,848,848,420,4426,2004,2004,1,2,149,0,5,0,141000
691,10,4316,1455,2444,2444,832,21535,1994,1995,1,3,382,1872,6,50,755000
692,7,2519,965,1210,1238,628,26178,1989,1990,1,2,320,1281,5,27,335000
693,5,1073,0,1073,1073,326,5400,1921,1968,0,1,0,0,6,0,108480
694,5,1539,0,927,1067,576,6120,1936,1950,0,2,112,472,6,0,141500
695,6,1137,980,1112,1137,551,13811,1987,1987,1,2,125,0,6,0,176000
696,5,616,616,616,616,205,6000,1921,1950,0,1,0,0,7,0,89000
697,5,1148,210,980,1148,308,6420,1952,1952,0,1,0,0,7,0,123500
698,5,894,553,894,894,336,8450,1965,2009,0,1,416,0,8,144,138500
699,7,1391,16,1391,1391,530,4282,2004,2004,1,2,156,0,5,158,196000
700,8,1800,1274,1800,1800,765,14331,2002,2002,1,3,270,0,5,78,312500
701,7,1164,0,1164,1164,528,9600,1969,1969,1,2,0,0,5,0,140000
702,8,2576,0,1234,1264,666,12438,2006,2006,0,3,324,1312,5,100,361919
703,5,1812,0,360,1032,672,7630,1900,1996,0,2,344,780,9,0,140000
704,7,1484,712,1473,1484,606,8400,2004,2005,1,2,0,0,5,35,213000
705,4,1092,0,0,372,0,5600,1930,1950,0,0,0,720,5,0,55000
706,7,1824,1219,1643,1824,739,115149,1971,2002,1,2,380,0,5,48,302000
707,8,1324,863,1324,1324,550,6240,2006,2006,1,2,192,0,5,38,254000
708,7,1456,0,728,728,400,9018,2007,2007,1,2,100,728,5,24,179540
709,5,904,0,876,904,408,7162,1966,1966,1,1,0,0,7,0,109900
710,3,729,0,270,729,0,4130,1935,2003,0,0,0,0,6,0,52000
711,4,1178,0,859,859,384,8712,1900,1950,0,1,68,319,7,0,102776
712,8,1228,767,1228,1228,472,4671,1988,1989,1,2,168,0,5,120,189000
713,4,960,789,960,960,576,9873,1970,1970,0,2,0,0,5,288,129000
714,6,1479,533,725,725,475,13517,1976,2005,1,2,0,754,8,44,130500
715,6,1350,0,1064,1350,478,10140,1974,1974,1,2,0,0,5,0,165000
716,7,2554,0,718,1576,704,10800,1890,1998,0,2,0,978,8,48,159500
717,5,1178,1084,1176,1178,439,10000,1973,2000,1,2,224,0,6,0,157000
718,7,2418,1173,1311,1325,983,10542,1993,1994,1,3,250,1093,5,154,341000
719,5,971,523,971,971,300,9920,1969,1969,1,1,0,0,6,0,128500
720,8,1742,1148,1742,1742,564,6563,1985,1985,1,2,114,0,5,28,275000
721,6,848,662,848,848,420,4426,2004,2004,1,2,160,0,5,0,143000
722,4,864,191,864,864,463,8120,1970,1970,0,2,0,0,7,0,124500
723,4,1470,0,941,997,548,8172,1954,1972,0,1,0,473,6,0,135000
724,9,1698,1234,1698,1698,768,13286,2007,2008,1,3,327,0,5,64,320000
725,4,864,375,864,864,660,6960,1970,1970,0,2,96,0,6,0,120500
726,6,1680,808,880,1680,540,21695,1988,2007,1,2,292,0,9,44,222000
727,7,1232,724,1232,1232,632,7314,2007,2007,1,2,132,0,5,0,194500
728,5,1776,0,1584,1776,888,11475,1958,1958,0,3,0,0,5,25,110000
729,4,1208,152,780,848,539,6240,1925,1950,0,2,0,0,5,23,103000
730,8,1616,1180,1595,1616,608,5389,1995,1996,1,2,237,0,5,152,236500
731,7,1146,786,868,1146,438,9590,2003,2003,1,2,160,0,5,22,187500
732,7,2031,252,1153,1153,541,11404,1998,1999,1,2,192,878,5,84,222500
733,5,1144,594,864,1144,264,10000,1961,1983,1,1,165,0,6,0,131400
734,5,948,0,948,948,300,8978,1968,1968,1,1,147,0,5,0,108000
735,7,1768,390,880,880,320,10800,1914,1970,0,2,0,888,7,341,163000
736,3,1040,0,0,1040,400,8544,1950,1950,0,2,0,0,4,0,93500
737,8,1801,0,893,901,800,10463,2005,2005,1,3,0,900,5,116,239900
738,5,1200,1200,1200,1200,0,10800,1987,1988,0,0,120,0,5,0,179000
739,7,1728,0,864,864,572,9313,2004,2004,1,2,187,864,5,56,190000
740,5,1432,0,264,768,360,9600,1910,2002,0,2,270,664,7,0,132000
741,6,912,832,912,912,288,6768,1961,1996,0,1,168,0,8,0,142000
742,7,1349,0,1349,1349,539,8450,2000,2001,1,2,120,0,5,55,179000
743,5,1464,444,520,1464,480,12886,1963,1999,1,2,302,0,6,0,175000
744,8,1337,733,1337,1337,462,5395,1993,1993,1,2,96,0,5,0,180000
745,8,2715,575,1142,1175,831,8963,1976,1996,0,2,0,1540,9,204,299800
746,7,2256,300,952,980,554,8795,2000,2000,0,2,224,1276,5,54,236000
747,7,2640,0,1240,1320,864,11700,1880,2003,0,4,181,1320,7,0,265979
748,7,1720,919,1720,1720,527,10593,1996,1996,1,2,240,0,5,56,260400
749,4,1529,0,0,1088,240,8405,1945,1950,0,1,92,441,3,0,98000
750,4,1140,0,576,792,0,8800,1910,2004,0,0,0,348,7,160,96500
751,7,1320,0,660,660,400,7750,2003,2003,1,2,0,660,5,48,162000
752,6,1494,1200,1479,1494,576,9236,1997,1997,1,2,168,0,5,27,217000
753,8,2098,0,1030,1038,878,10240,2005,2005,1,3,192,1060,5,52,275500
754,6,1026,439,1026,1026,440,7930,1969,2005,0,2,171,0,8,48,156000
755,6,1471,381,729,742,440,3230,1999,1999,0,2,0,729,5,24,172500
756,8,1768,20,866,866,578,10769,2007,2007,1,2,144,902,5,105,212000
757,6,1386,438,672,672,440,11616,1978,1978,1,2,335,714,5,0,158900
758,7,1501,549,744,757,440,2280,1999,1999,0,2,0,744,5,0,179400
759,8,2531,56,1318,1328,752,12257,1995,1995,1,3,222,1203,5,98,290000
760,6,864,612,864,864,300,9100,1959,1959,0,1,0,0,6,0,127500
761,5,1301,405,1145,1301,440,6911,1924,1950,0,2,0,0,5,0,100000
762,7,1547,24,756,764,614,8640,2009,2009,1,2,169,783,5,45,215200
763,8,2365,1163,1252,1268,856,9430,1999,1999,1,3,0,1097,5,128,337000
764,8,1494,437,1494,1494,481,9549,1995,1996,1,2,0,0,5,30,270000
765,9,1506,0,1498,1506,592,14587,2008,2008,1,2,0,0,5,174,264132
766,7,1714,394,980,980,496,10421,1988,1988,1,2,228,734,5,66,196500
767,6,1750,660,983,983,423,12508,1940,1985,1,1,245,767,7,0,160000
768,7,1836,24,1860,1836,484,9100,2004,2005,1,2,120,0,5,33,216837
769,8,3279,1416,1650,1690,841,53504,2003,2003,0,3,503,1589,5,36,538000
770,5,858,685,858,858,576,7252,1982,1982,0,2,120,0,5,0,134900
771,4,1220,836,836,1220,396,8877,1951,1951,0,2,0,0,5,0,102000
772,6,1117,422,1029,1117,672,7819,1976,1976,0,2,144,0,5,0,107000
773,5,912,456,912,912,275,10150,1958,1958,1,1,0,0,5,0,114500
774,8,1973,0,1935,1973,895,14226,2006,2006,1,3,315,0,5,45,395000
775,6,1204,866,1204,1204,412,4500,1998,1998,1,2,0,0,5,247,162000
776,7,1614,20,1614,1614,865,11210,2005,2006,1,3,144,0,5,59,221500
777,5,894,762,864,894,440,13350,1974,1974,1,2,241,0,5,0,142500
778,5,2020,0,0,2020,630,8400,1977,1977,0,2,0,0,5,0,144000
779,6,1004,975,975,1004,504,10530,1977,1977,1,2,0,0,5,0,135000
780,7,1253,0,1237,1253,402,7875,1995,1996,1,2,220,0,5,21,176000
781,6,1603,387,761,810,484,7153,1992,1992,1,2,0,793,5,124,175900
782,7,1430,0,1413,1430,605,16285,2001,2002,1,2,0,0,5,33,187100
783,5,1110,1097,1097,1110,602,9101,1978,1978,1,2,303,0,6,30,165500
784,6,1484,0,742,742,0,6300,1914,2001,0,0,0,742,6,291,128000
785,6,1342,251,1372,1342,457,9790,1967,1967,1,2,0,0,5,0,161500
786,5,1652,686,686,966,416,10800,1915,1950,0,1,0,686,6,0,139000
787,7,2084,656,956,956,618,10142,2004,2004,0,2,0,1128,5,45,233000
788,4,901,0,901,901,281,6000,1954,2000,0,1,0,0,7,0,107900
789,6,2087,568,832,976,444,12205,1966,2007,1,2,133,1111,8,168,187500
790,7,1145,16,1145,1145,397,3182,2005,2006,1,2,100,0,5,16,160200
791,6,1062,539,1029,1062,539,11333,1976,1976,1,2,120,0,5,0,146800
792,7,2013,862,1117,1127,455,9920,1996,1997,1,2,180,886,5,130,269790
793,8,1496,0,1496,1496,474,9158,2007,2007,1,2,168,0,5,130,225000
794,7,1895,0,712,1086,409,10832,1994,1996,1,2,143,809,5,46,194500
795,6,1564,0,650,888,476,8400,1980,1981,1,2,0,676,6,50,171000
796,6,1285,0,660,1285,528,8197,1977,1977,1,2,138,0,5,0,143500
797,5,773,570,773,773,240,7677,1953,1953,1,1,0,0,5,0,110000
798,9,3140,0,1926,1966,820,13518,2008,2009,0,3,144,1174,5,78,485000
799,5,1768,569,731,981,240,7200,1937,1950,0,1,0,787,7,0,175000
800,6,1688,462,616,616,603,12798,1997,1997,1,2,403,1072,5,114,200000
801,4,1196,197,1196,1196,440,4800,1916,1990,0,2,0,0,7,0,109900
802,7,1456,648,728,728,410,8199,2005,2005,1,2,36,728,5,18,189000
803,9,2822,0,1734,1734,1020,13891,2008,2009,0,3,52,1088,5,170,582933
804,5,1128,812,936,1128,286,9000,1954,1954,1,1,0,0,5,0,118000
805,7,1428,0,1417,1428,554,12274,2008,2008,1,2,0,0,5,60,227680
806,5,980,400,980,980,384,9750,1967,1967,1,1,68,0,5,0,135500
807,5,1576,1309,1324,1072,528,21384,1923,2004,1,2,0,504,6,312,223500
808,5,1086,516,1024,1086,484,13400,1966,1966,1,2,0,0,5,0,159950
809,5,2138,0,849,1075,360,8100,1898,1965,0,2,40,1063,5,156,106000
810,6,1309,663,1040,1309,484,10140,1974,1999,1,2,265,0,6,0,181000
811,6,848,662,848,848,420,4438,2004,2004,1,2,140,0,5,0,144500
812,5,1044,0,540,1044,504,8712,1952,1952,0,2,0,0,5,0,55993
813,6,1442,608,1442,1442,301,9750,1958,1958,1,1,0,0,6,0,157900
814,5,1250,0,686,686,280,8248,1918,1950,0,1,207,564,7,0,116000
815,7,1661,0,1649,1661,598,12137,1998,1998,1,2,0,0,5,34,224900
816,5,1008,486,1008,1008,275,11425,1954,1954,1,1,0,0,6,0,137000
817,8,1689,1218,1568,1689,857,13265,2002,2002,1,3,150,0,5,59,271000
818,6,1052,504,1010,1052,440,8816,1971,1971,1,2,0,0,7,0,155000
819,7,1358,733,1358,1358,484,6371,2009,2010,1,2,192,0,5,35,224000
820,7,1640,0,798,798,595,7226,2003,2003,1,2,0,842,5,45,183000
821,4,936,0,936,936,576,6000,1953,1953,0,2,0,0,4,32,93000
822,7,1733,0,847,847,433,12394,2003,2003,0,2,100,886,5,48,225000
823,6,1489,0,778,944,240,9900,1940,1950,0,1,335,545,7,0,139500
824,8,1489,0,1489,1489,776,11216,2006,2006,1,2,0,0,5,140,232600
825,10,2084,1636,2078,2084,1220,14803,2007,2008,1,3,188,0,5,45,385000
826,5,784,784,784,784,0,6130,1924,1950,0,0,0,0,6,0,109500
827,7,1434,20,1454,1434,527,8529,2001,2001,1,2,290,0,5,39,189000
828,5,2126,249,1013,1160,538,28698,1967,1967,1,2,486,966,5,0,185000
829,7,1223,0,600,520,480,2544,2005,2005,0,2,0,623,5,166,147400
830,6,1392,1040,1392,1392,458,11900,1957,1957,1,2,0,0,5,0,166000
831,7,1200,0,600,520,480,3180,2005,2005,0,2,0,600,5,166,151000
832,7,1829,483,941,941,613,9548,2003,2003,1,2,192,888,6,39,237000
833,6,1516,196,1516,1516,472,10004,1964,1964,1,2,0,0,6,0,167000
834,5,1144,572,1144,1144,456,7875,1961,1961,1,2,0,0,6,0,139950
835,4,1067,442,1067,1067,436,9600,1950,1995,1,2,290,0,7,0,128000
836,5,1559,338,1559,1559,812,8100,1948,1973,0,2,0,0,6,116,153500
837,6,987,330,483,483,264,1680,1973,1973,0,1,0,504,5,0,100000
838,5,1099,0,1099,1099,352,9525,1995,2006,1,1,278,0,6,0,144000
839,5,1200,352,768,768,240,11767,1946,1995,0,1,0,432,6,0,130500
840,6,1482,156,672,810,400,12155,1925,1950,0,1,0,672,8,0,140000
841,5,1539,0,650,958,686,10440,1904,2002,0,2,70,581,8,78,157500
842,6,1165,312,1127,1165,490,9020,1966,1966,1,2,0,0,7,129,174900
843,5,1800,0,1800,1800,0,8000,1961,1961,0,0,0,0,4,0,141000
844,5,1416,0,876,876,720,12665,1915,1950,0,3,418,540,8,0,153900
845,5,1701,1390,1390,1701,611,16647,1975,1981,0,2,0,0,5,0,171000
846,7,1775,513,740,1006,425,9317,1993,1993,1,2,234,769,5,72,213000
847,5,864,460,864,864,338,15523,1972,1972,1,1,0,0,6,0,133500
848,6,2358,0,907,1307,360,45600,1908,1997,0,2,486,1051,8,40,240000
849,6,1855,0,528,1094,512,9600,1976,1994,1,2,113,761,7,100,187000
850,6,848,659,848,848,420,4435,2003,2003,1,2,140,0,5,0,131500
851,8,1456,0,1273,1456,400,3196,2003,2003,1,2,143,0,5,20,215000
852,7,1646,364,918,918,240,7128,1941,1950,0,1,0,728,5,0,164000
853,6,1445,564,1127,1445,645,12095,1964,1964,1,2,180,0,6,0,158000
854,5,1779,306,1763,1779,454,17920,1955,1974,1,2,0,0,4,418,170000
855,5,1040,659,1040,1040,260,6897,1962,2010,0,1,0,0,8,104,127000
856,6,1026,505,940,1026,576,10970,1978,1978,0,2,0,0,6,0,147000
857,6,1481,0,702,702,343,8125,1994,1995,1,2,0,779,5,36,174000
858,7,1370,0,1090,1370,479,10400,1976,1976,1,2,0,0,5,0,152000
859,6,2654,619,1054,1512,619,11029,1968,1984,1,2,0,1142,7,65,250000
860,7,1426,0,912,912,216,7642,1918,1998,0,1,0,514,8,240,189950
861,5,1039,841,1039,1039,504,11625,1965,1965,1,2,0,0,4,0,131500
862,6,1097,338,1040,1097,480,9672,1984,1985,1,2,0,0,5,0,152000
863,5,1148,1148,1148,1148,672,7931,1959,1959,1,1,0,0,5,0,132500
864,7,1372,0,1372,1372,529,8640,2007,2008,1,2,0,0,5,140,250580
865,5,1002,828,1002,1002,902,8750,1970,1970,0,2,0,0,6,0,148500
866,8,1646,0,1638,1646,870,10656,2006,2007,1,3,192,0,5,80,248900
867,4,1120,932,1040,1120,544,6970,1961,1961,1,2,168,0,5,0,129000
868,5,2320,0,0,1547,672,14762,1948,1950,1,2,120,720,6,144,169000
869,7,1949,750,1050,1062,574,9938,1993,1994,1,2,156,887,5,90,236000
870,5,894,0,894,894,308,6600,1962,1962,0,1,0,0,5,0,109500
871,6,1682,505,804,804,523,8750,1998,1998,1,2,0,878,5,77,200500
872,5,910,0,105,910,414,8892,1953,1996,1,2,196,0,7,0,116000
873,5,1268,375,832,1036,288,12144,1949,1950,1,1,0,0,7,28,133000
874,5,1131,0,676,676,200,5720,1941,1950,0,1,26,455,6,0,66500
875,8,2610,64,1184,1184,550,9000,2007,2007,0,2,208,1426,5,364,303477
876,4,1040,633,1064,1040,648,25286,1963,1963,1,2,0,0,5,0,132250
877,9,2224,1170,1462,1462,738,8834,2004,2005,1,3,184,762,5,0,350000
878,5,1155,899,1109,1155,576,11782,1961,1995,0,2,192,0,7,0,148000
879,5,864,646,864,864,336,7000,1978,2005,1,1,0,0,8,0,136500
880,5,1090,980,1090,1090,450,7024,2005,2006,1,2,0,0,5,49,157000
881,7,1717,902,1156,1187,400,13758,1990,1991,1,2,168,530,5,36,187500
882,6,1593,0,808,808,389,9636,1992,1993,0,2,342,785,5,40,178000
883,4,2230,0,795,954,440,6204,1912,1950,0,1,0,795,5,188,118500
884,5,892,432,892,892,288,7150,1967,1967,1,1,0,0,5,0,100000
885,9,1709,1238,1698,1709,506,5119,1999,2000,1,2,97,0,5,65,328900
886,5,1712,528,1626,1712,588,8393,1959,2005,1,2,272,0,5,54,145000
887,5,1393,0,816,872,300,16466,1955,1955,1,1,121,521,7,0,135500
888,8,2217,351,2217,2217,621,15865,1970,1970,1,2,81,0,6,207,268000
889,6,1505,1024,1505,1505,505,12160,1953,1953,1,2,0,0,4,0,149500
890,5,924,0,672,672,576,8064,1949,2006,0,2,0,252,7,0,122900
891,6,1683,226,918,918,440,11184,1978,1978,1,2,243,765,5,0,172500
892,6,1068,663,1059,1068,264,8414,1963,2003,1,1,192,0,8,0,154500
893,5,1383,1064,1383,1383,354,13284,1954,1954,1,1,511,0,5,116,165000
894,5,1535,0,0,1535,400,7018,1979,1979,1,2,0,0,5,0,118858
895,6,1796,400,780,983,483,7056,1963,1963,1,2,0,813,5,50,140000
896,4,951,285,951,951,327,8765,1936,1950,0,1,0,0,6,28,106500
897,5,2240,0,0,1120,528,7018,1979,1979,0,2,154,1120,5,0,142953
898,9,2364,2188,2330,2364,820,12919,2009,2010,1,3,0,0,5,67,611657
899,5,1236,465,912,1236,288,6993,1961,1994,1,1,0,0,7,0,135000
900,4,858,322,858,858,684,7340,1971,1971,0,1,0,0,6,0,110000
901,5,1306,860,992,1306,756,8712,1957,2000,0,1,0,0,7,0,153000
902,7,1509,0,783,807,393,7875,2003,2003,1,2,0,702,5,75,180000
903,7,1670,0,1670,1670,690,14859,2006,2006,1,3,144,0,5,60,240000
904,5,902,599,876,902,288,6173,1967,1967,1,1,0,0,6,0,125500
905,5,1063,354,1056,1063,280,9920,1954,1954,1,1,0,0,5,0,128000
906,8,1636,63,1623,1636,865,13501,2006,2006,1,3,0,0,5,60,255000
907,7,2057,223,1017,1020,180,11500,1936,1987,1,1,0,1037,7,0,250000
908,5,902,301,864,902,484,8885,1983,1983,1,2,164,0,5,0,131000
909,6,1484,0,742,742,390,12589,2005,2005,1,2,36,742,5,24,174000
910,5,2274,443,1105,1105,480,11600,1960,1960,0,2,0,1169,5,0,154300
911,5,1268,196,1268,1268,252,9286,1977,1989,0,1,173,0,7,0,143500
912,5,1015,489,768,1015,450,6120,1925,1950,0,1,0,0,7,0,88000
913,5,2002,284,1001,1001,871,6270,1949,1950,0,3,0,1001,6,0,145000
914,6,1224,294,612,612,528,3000,2009,2009,0,2,0,612,5,234,173733
915,4,1092,0,546,546,286,2001,1970,1970,1,1,0,546,5,0,75000
916,2,480,50,480,480,308,9000,1949,1950,0,1,0,0,3,0,35311
917,4,1229,1059,1134,1229,284,17140,1956,1956,1,1,0,0,6,0,135000
918,7,2127,48,1104,912,833,13125,1991,1991,1,3,72,1215,5,192,238000
919,6,1414,528,1184,1414,601,11029,1958,2002,1,2,0,0,8,51,176500
920,6,1721,814,928,936,471,8462,1994,1994,1,2,300,785,5,87,201000
921,5,2200,1084,1272,1272,0,8777,1900,2003,0,0,0,928,7,70,145900
922,6,1316,28,1316,1316,397,10237,2005,2006,1,2,100,0,5,0,169990
923,6,1617,165,1604,1617,533,8012,1993,1994,1,2,0,0,5,69,193000
924,6,1686,625,1686,1686,612,10240,1980,1980,1,2,384,0,6,131,207500
925,5,1126,767,1126,1126,540,15611,1977,1977,1,2,180,0,6,0,175000
926,8,2374,0,1181,1234,656,11999,2003,2004,0,3,104,1140,5,100,285000
927,7,1978,552,832,1098,486,9900,1968,1968,1,2,0,880,5,43,176000
928,8,1788,0,1753,1788,522,11838,2001,2001,1,2,202,0,5,151,236500
929,7,2236,0,964,993,642,13006,1997,1997,0,2,0,1243,5,0,222000
930,8,1466,16,1466,1466,610,8925,2007,2007,1,3,100,0,5,18,201000
931,5,925,338,925,925,429,9100,1965,1965,0,1,0,0,6,0,117500
932,9,1905,0,1905,1905,788,11670,2006,2006,1,3,0,0,5,191,320000
933,7,1500,20,1500,1500,570,8487,2004,2004,1,2,192,0,5,36,190000
934,7,2069,425,585,2069,505,27650,1960,2007,1,2,0,0,7,0,242000
935,4,747,0,600,747,528,5825,1926,1953,0,2,0,0,5,0,79900
936,7,1200,833,1176,1200,555,10083,2003,2003,1,2,0,0,5,41,184900
937,7,1971,341,1113,1113,689,9675,2005,2005,1,2,0,858,5,48,253000
938,7,1962,464,1391,1391,868,8760,2006,2006,1,3,0,571,5,90,239799
939,7,2403,0,1032,1207,349,24090,1940,1950,1,1,56,1196,7,0,244400
940,6,1728,936,1728,1728,574,12640,1976,1976,1,2,40,0,5,0,150900
941,7,2060,772,992,1022,390,8755,1999,1999,0,2,0,1038,5,0,214000
942,4,1440,1440,1440,1440,0,7711,1977,1977,0,0,321,0,3,0,150000
943,5,1632,0,1632,1632,576,25000,1967,1967,1,2,0,0,4,0,143000
944,6,1344,111,819,1344,525,14375,1958,1958,0,2,0,0,6,118,137500
945,5,1869,1088,1088,1188,456,8820,1890,1996,0,2,48,561,6,0,124900
946,5,1144,748,1144,1144,796,8163,1959,1959,1,1,86,0,6,0,143000
947,8,1629,1300,1616,1629,808,14536,2002,2003,1,3,0,0,5,252,270000
948,7,1776,0,936,936,474,14006,2002,2002,1,2,144,840,5,96,192500
949,6,1381,982,1161,1381,676,9360,1972,2006,1,2,0,0,7,0,197500
950,5,864,398,864,864,720,7200,1950,2002,0,2,194,0,8,0,129000
951,5,965,641,828,965,300,7800,1965,1965,0,1,421,0,5,0,119900
952,5,768,660,768,768,396,7200,1972,2003,0,1,192,0,8,0,133900
953,5,1968,562,784,1168,530,11075,1969,1969,1,2,305,800,4,189,172000
954,6,980,945,945,980,0,9400,1975,1975,0,0,0,0,5,0,127500
955,6,1958,484,979,979,492,7136,1946,1950,1,2,0,979,6,0,145000
956,6,1229,285,561,561,462,1300,1980,1980,1,2,150,668,6,0,124000
957,5,1057,417,1057,1057,576,7420,1962,1962,0,2,0,0,5,0,132000
958,7,1337,699,1337,1337,531,8450,2003,2003,1,2,0,0,5,39,185000
959,7,1416,604,696,696,484,2572,1999,1999,0,2,0,720,5,44,155000
960,5,858,696,858,858,0,7207,1958,2008,0,0,117,0,7,0,116500
961,6,2872,896,1330,1542,619,12227,1977,1995,1,2,550,1330,7,282,272000
962,6,1548,556,804,804,440,2308,1976,1976,0,2,48,744,6,0,155000
963,9,1800,0,1800,1800,702,11923,2007,2007,1,2,288,0,5,136,239000
964,7,1894,624,817,824,510,11316,2002,2003,0,2,0,1070,5,40,214900
965,6,1484,0,783,783,393,10237,2005,2007,1,2,0,701,5,72,178900
966,5,1308,428,728,976,256,9600,1940,1950,0,1,0,332,7,70,160000
967,5,1098,902,1098,1098,260,7390,1955,1955,1,1,0,0,7,0,135000
968,3,968,0,600,600,0,5925,1910,1950,0,0,0,368,6,0,37900
969,6,1095,513,588,1095,264,10382,1958,1958,1,1,0,0,5,0,140000
970,4,1192,0,720,720,0,10800,1949,1950,0,0,0,472,4,0,135000
971,7,1626,567,764,764,474,2268,2003,2004,0,2,0,862,5,27,173000
972,6,918,0,918,918,264,7892,1979,1979,1,1,28,0,5,0,99500
973,7,1428,0,1428,1428,480,11639,2007,2008,1,2,0,0,5,120,182000
974,7,2019,0,728,1136,532,11414,1910,1993,0,2,509,883,8,135,167500
975,7,1382,641,673,673,490,2651,2000,2000,0,2,153,709,5,50,165000
976,4,869,0,440,869,0,5900,1923,1958,0,0,0,0,7,0,85500
977,7,1241,1106,1241,1241,569,4274,2006,2007,1,2,0,0,5,116,199900
978,4,894,552,894,894,400,9450,1954,1954,0,2,0,0,5,0,110000
979,5,1121,651,1121,1121,480,8816,1963,1963,0,2,0,0,6,80,139000
980,7,999,867,944,999,588,12122,1961,2007,1,2,144,0,9,76,178400
981,8,2612,854,1225,1276,676,12203,1998,1999,1,3,250,1336,5,0,336000
982,7,1266,0,1266,1266,388,3182,2007,2007,1,2,100,0,5,16,159895
983,8,2290,0,1128,1149,779,11250,2002,2002,1,2,0,1141,5,0,255900
984,5,1734,0,0,1302,539,10125,1977,1977,1,2,0,432,5,0,126000
985,5,1164,1040,1164,1164,240,10880,1950,1950,0,1,0,0,5,48,125000
986,6,1635,0,485,1001,255,5310,1910,2003,1,1,394,634,8,0,117000
987,9,1940,1646,1930,1940,606,10159,2009,2010,1,3,168,0,5,95,395192
988,6,2030,156,848,1118,551,12046,1976,1976,1,2,0,912,6,224,195000
989,7,1576,0,770,778,614,8125,2006,2006,1,2,0,798,5,50,197000
990,8,2392,1074,1396,1407,870,9452,1997,1998,1,3,0,985,5,70,348000
991,8,1742,216,916,916,424,17671,1882,1986,1,2,0,826,9,169,168000
992,6,1851,536,822,1020,440,9760,1964,1993,1,2,239,831,8,42,187000
993,6,1500,0,750,750,564,8846,2005,2006,1,2,0,750,5,35,173900
994,10,1718,1172,1700,1718,786,12456,2006,2007,1,3,216,0,5,48,337500
995,4,1230,384,747,774,305,4712,1946,1950,0,1,0,456,7,57,121600
996,5,1050,915,1050,1050,368,10659,1961,1961,1,1,0,0,6,319,136500
997,6,1442,0,1442,1442,615,11717,1970,1970,1,2,371,0,6,0,185000
998,3,1077,0,1007,1077,210,9786,1922,1950,0,1,0,0,4,100,91000
999,7,1208,686,1187,1208,632,6762,2006,2006,1,2,105,0,5,61,206000
1000,3,944,0,0,944,528,10206,1952,1952,0,2,0,0,3,0,82000
1001,5,691,0,691,691,216,5400,1920,1950,0,1,0,0,6,20,86000
1002,8,1574,24,1574,1574,824,11957,2006,2006,1,3,144,0,5,104,232000
1003,5,1680,0,1680,1680,528,11500,1976,1976,0,2,0,0,6,0,136905
1004,7,1504,16,1346,1504,457,3182,2005,2006,1,2,156,0,5,0,181000
1005,5,985,595,985,985,328,8385,1977,1977,1,1,210,0,8,0,149900
1006,6,1657,1237,1657,1657,484,12155,1970,1970,1,2,0,0,3,0,163500
1007,4,1092,273,546,546,286,2217,1970,1970,1,1,238,546,4,0,88000
1008,7,1710,0,1710,1710,550,12118,2004,2005,1,2,100,0,5,48,240000
1009,5,1522,0,1008,1008,0,6000,1926,1950,0,0,0,0,5,0,102000
1010,5,1271,0,720,720,312,21286,1948,1950,1,1,0,551,5,0,135000
1011,5,1664,0,0,1664,0,9825,1965,1965,0,0,0,0,5,0,100000
1012,6,1502,0,602,900,180,10592,1923,1996,0,1,96,602,7,0,165000
1013,5,1022,247,1022,1022,280,7200,1910,2006,0,1,0,0,4,30,85000
1014,6,1082,336,1082,1082,240,11664,1948,1950,0,1,0,0,5,130,119200
1015,8,1665,643,810,810,528,8400,2001,2001,1,2,0,855,6,45,227000
1016,7,1504,690,1504,1504,478,11883,1996,1996,1,2,115,0,5,66,203000
1017,8,1360,1036,1220,1360,565,5814,1984,1984,1,2,63,0,5,0,187500
1018,7,1472,0,384,802,402,10784,1991,1992,1,2,164,670,5,0,160000
1019,7,1506,16,1362,1506,440,3013,2005,2005,1,2,142,0,5,20,213490
1020,4,1132,1024,1132,1132,451,7024,2005,2005,1,2,252,0,5,64,176000
1021,7,1220,684,1199,1220,632,7406,2006,2006,1,2,105,0,5,54,194000
1022,5,1248,324,912,912,160,9439,1930,1950,0,1,0,336,5,0,87000
1023,7,1504,16,1346,1504,437,3182,2005,2006,1,2,156,0,5,20,191000
1024,8,2898,1165,1565,2898,665,15498,1976,1976,1,2,0,0,6,72,287000
1025,5,882,138,882,882,461,7700,1972,1972,0,2,96,0,5,0,112500
1026,5,1264,697,1268,1264,461,9300,1960,1960,1,2,0,0,5,0,167500
1027,8,1646,1513,1638,1646,800,9520,2007,2008,1,3,192,0,5,44,293077
1028,5,1376,368,768,968,240,9492,1941,1950,1,1,0,408,5,0,105000
1029,6,1218,317,672,672,264,1680,1972,1972,0,1,0,546,7,28,118000
1030,5,1928,0,686,948,0,7082,1916,1995,0,0,0,980,8,0,160000
1031,7,3082,523,824,1687,672,15863,1920,1970,0,2,136,998,3,63,197000
1032,8,2520,1012,1338,1352,796,14541,1993,1993,1,3,209,1168,7,55,310000
1033,7,1654,986,1654,1654,900,8125,2002,2002,1,3,0,0,5,136,230000
1034,5,954,0,920,954,240,6305,1938,1950,0,1,0,0,7,0,119750
1035,4,845,0,0,845,290,11500,1957,1957,0,1,186,0,3,0,84000
1036,9,1620,1022,1620,1620,912,12898,2007,2008,1,3,228,0,5,0,315500
1037,8,2263,0,1055,1055,905,9240,2001,2002,0,2,0,1208,5,45,287000
1038,4,1344,0,546,798,0,1533,1970,2008,0,0,0,546,6,0,97000
1039,4,630,509,630,630,286,1477,1970,1970,1,1,0,0,4,0,80000
1040,5,1803,168,1134,1803,484,13125,1957,2000,1,2,0,0,4,0,155000
1041,6,1632,400,800,800,484,9130,1966,2000,1,2,0,832,8,40,173000
1042,6,1306,900,1306,1306,624,5381,2005,2005,1,2,170,0,5,63,196000
1043,7,2329,1085,1475,1532,514,11839,1990,1990,1,2,192,797,5,121,262280
1044,8,2524,1104,2524,2524,542,9600,1981,1981,1,2,474,0,5,120,278000
1045,3,1733,0,0,1733,452,13680,1955,1955,1,2,0,0,5,0,139600
1046,9,2868,240,1992,1992,716,16056,2005,2006,0,3,214,876,5,108,556581
1047,5,990,686,990,990,672,9245,1994,1995,0,2,0,0,5,0,145000
1048,5,1771,0,0,1771,336,21750,1960,2006,1,2,0,0,4,0,115000
1049,4,930,0,0,930,308,11100,1946,2006,0,1,0,0,7,0,84900
1050,7,1302,0,1302,1302,436,8993,2007,2007,1,2,0,0,5,22,176485
1051,7,1316,0,1316,1316,440,11175,2007,2007,1,2,0,0,5,20,200141
1052,6,1977,442,816,1127,540,9500,1964,1978,1,2,0,850,6,52,165000
1053,5,1526,383,1216,1526,364,8562,1957,2002,0,1,116,0,6,78,144500
1054,8,1989,932,1065,1091,586,11367,2002,2002,1,2,199,898,5,60,255000
1055,6,1523,644,1193,1523,478,11361,1976,1976,1,2,0,0,5,0,180000
1056,7,1364,659,1364,1364,484,7052,2005,2005,1,2,192,0,5,36,185850
1057,7,1850,595,973,979,467,29959,1994,1994,0,2,168,871,6,98,248000
1058,9,2184,936,1104,1130,836,11308,2008,2008,1,3,0,1054,5,102,335000
1059,6,1991,297,854,1096,432,11275,1932,1950,0,2,0,895,7,0,220000
1060,8,1338,616,1338,1338,582,4920,2001,2001,1,2,0,0,5,0,213500
1061,3,894,0,894,894,1248,18000,1935,1950,0,3,0,0,4,20,81000
1062,5,2337,0,662,1422,560,13600,1900,1950,0,2,0,915,5,57,90000
1063,6,1103,397,1103,1103,440,6000,1925,1980,0,2,166,0,6,120,110500
1064,5,1154,740,1154,1154,480,11000,1966,1966,1,2,0,0,6,58,154000
1065,7,2260,1201,1306,1306,533,14000,1996,1997,1,2,296,954,5,44,328000
1066,6,1571,0,799,799,380,7837,1993,1994,1,2,0,772,7,40,178000
1067,6,1611,674,780,798,442,9760,1964,1964,1,2,328,813,6,128,167900
1068,6,2521,837,942,1291,576,3964,1973,1973,1,2,728,1230,4,20,151400
1069,5,893,220,845,893,576,9600,1949,2003,0,2,0,0,7,0,135000
1070,5,1048,586,1048,1048,286,10152,1956,1956,1,1,0,0,5,20,135000
1071,6,1556,298,727,829,441,11700,1968,1968,1,2,0,727,6,0,154000
1072,5,1456,0,810,1002,280,7585,1948,1950,0,1,0,454,3,0,91500
1073,6,1426,535,690,698,440,7950,1977,1977,1,2,252,728,6,0,159500
1074,7,1240,0,1240,1240,826,8556,2006,2006,1,3,140,0,5,93,194000
1075,7,1740,410,800,960,240,13125,1940,1984,1,1,0,780,6,0,219500
1076,5,1466,626,796,1096,566,10800,1936,1989,1,2,436,370,8,21,170000
1077,5,1096,75,1096,1096,299,15870,1969,1969,1,1,240,0,5,32,138800
1078,6,848,662,848,848,420,4435,2004,2004,1,2,140,0,5,0,155900
1079,5,990,495,990,990,299,8775,1994,1994,1,1,0,0,5,64,126000
1080,6,1258,656,1258,1258,528,11040,1971,2004,1,2,55,0,7,0,145000
1081,5,1040,824,1040,1040,308,7500,1963,1963,1,1,0,0,5,0,133000
1082,7,1459,0,1459,1459,527,8749,2002,2002,1,2,192,0,5,39,192000
1083,6,1251,553,1251,1251,461,8800,1964,1964,1,1,0,0,6,116,160000
1084,6,1498,592,691,691,409,13031,1995,1996,1,2,315,807,5,44,187500
1085,6,996,747,936,996,564,9069,1992,1992,1,2,120,0,6,0,147000
1086,4,1092,334,546,546,286,1974,1973,1973,1,1,120,546,5,96,83500
1087,8,1953,0,1082,1082,1043,10574,2005,2006,1,3,160,871,5,50,252000
1088,7,1709,0,970,970,380,2522,2004,2004,0,2,0,739,5,40,137500
1089,8,1247,1039,1247,1247,550,3316,2005,2005,1,2,0,0,5,84,197000
1090,3,1040,0,0,1040,400,8544,1950,1950,0,2,0,0,4,0,92900
1091,7,1252,510,600,624,462,2160,1999,2000,0,2,0,628,5,48,160000
1092,6,1694,423,1181,1390,576,8400,1925,1950,0,2,342,304,5,0,136500
1093,5,1200,661,864,1200,884,9230,1965,1998,0,2,0,0,8,64,146000
1094,5,936,248,936,936,308,5868,1956,2000,1,1,0,0,7,0,129000
1095,6,1314,24,1314,1314,440,9317,2006,2006,1,2,0,0,5,22,176432
1096,6,1355,0,684,773,0,6882,1914,2006,0,0,136,582,7,0,127000
1097,8,1088,0,1074,1088,461,3696,1986,1986,1,2,0,0,5,74,170000
1098,4,1324,672,672,757,240,6000,1936,1950,0,1,0,567,6,0,128000
1099,7,1601,704,1271,1601,478,11880,1978,1978,1,2,0,0,5,0,157000
1100,2,438,290,290,438,246,8400,1920,1950,0,1,0,0,5,0,60000
1101,5,950,412,950,950,280,9758,1971,1971,0,1,0,0,5,0,119500
1102,5,1134,588,1010,1134,254,7000,1960,2002,1,1,0,0,7,16,135000
1103,6,1194,655,655,1194,539,8910,1959,1959,0,2,0,0,6,0,159500
1104,5,1302,0,630,630,440,2016,1970,1970,0,2,0,672,5,0,106000
1105,8,2622,1032,1463,1500,712,12256,1994,1995,1,2,186,1122,5,32,325000
1106,7,1442,738,910,1442,719,10357,1990,1991,1,2,0,0,5,244,179900
1107,7,2021,0,868,887,422,23257,2006,2006,0,2,0,1134,5,100,274725
1108,6,1690,0,924,948,463,8063,2000,2000,1,2,100,742,5,48,181000
1109,8,1836,1039,1836,1836,862,11362,2004,2005,1,3,125,0,5,185,280000
1110,6,1658,219,773,773,431,8000,1995,1996,1,2,224,885,5,84,188000
1111,7,1964,403,803,1098,483,10480,1976,1976,1,2,0,866,6,69,205000
1112,5,816,708,816,816,308,7100,1957,1957,0,1,0,0,7,0,129900
1113,5,1008,643,1008,1008,240,8923,1953,2006,1,1,0,0,7,18,134500
1114,5,833,415,833,833,326,5400,1954,2000,0,1,0,0,7,0,117000
1115,8,1734,1004,1734,1734,928,12085,2007,2007,1,3,0,0,5,0,318000
1116,8,1419,353,408,779,527,7750,2002,2002,0,2,120,640,5,0,184100
1117,5,894,702,894,894,450,9764,1967,2003,1,2,0,0,7,0,130000
1118,5,1601,0,533,1021,300,13825,1958,1987,0,1,280,580,6,34,140000
1119,5,1040,369,1040,1040,286,7560,1959,1959,1,1,140,0,5,0,133700
1120,6,1012,0,1012,1012,308,8263,1920,1950,0,1,0,0,5,22,118400
1121,7,1552,24,1552,1552,782,10084,2005,2006,1,3,144,0,5,20,212900
1122,4,960,0,672,960,288,8926,1956,1956,0,1,64,0,3,0,112000
1123,5,698,0,698,698,0,9405,1947,2008,0,0,0,0,9,200,118000
1124,7,1482,0,384,812,392,9125,1992,1992,1,2,100,670,5,25,163900
1125,4,1005,0,1005,1005,672,10434,1955,1955,0,2,0,0,5,0,115000
1126,7,1555,0,1373,1555,660,3684,2007,2007,1,3,143,0,5,20,174000
1127,7,1530,1300,1530,1530,630,14572,2004,2004,1,3,144,0,5,36,259000
1128,7,1959,0,847,847,434,11796,2004,2005,0,2,100,1112,5,48,215000
1129,5,936,936,936,936,672,7200,1980,1980,0,2,49,0,5,0,140000
1130,4,1981,622,1122,1328,576,7804,1928,1950,0,2,431,653,3,44,135000
1131,5,974,212,974,974,0,10712,1991,1992,0,0,0,0,5,28,93500
1132,6,2210,0,1008,1178,205,9900,1880,1950,0,1,0,1032,4,48,117500
1133,8,2020,584,1128,1142,466,9828,1995,1995,1,2,0,878,5,155,239500
1134,6,1600,0,916,916,460,8773,1997,1997,1,2,100,684,5,38,169000
1135,6,986,0,960,986,180,6180,1926,1950,0,1,0,0,5,128,102000
1136,6,1252,280,1032,1032,288,9600,1950,1950,1,1,0,220,5,0,119000
1137,5,1020,0,780,780,0,6342,1875,1996,0,0,0,240,8,0,94000
1138,6,1567,1567,1567,1567,714,9819,1977,1977,1,2,264,0,5,32,196000
1139,5,1167,645,915,1167,495,8731,1920,1950,0,2,0,0,5,0,144000
1140,5,952,852,952,952,840,7350,1951,1951,0,2,0,0,7,0,139000
1141,5,1868,381,780,1088,484,10304,1976,1976,1,2,448,780,7,96,197500
1142,8,2828,1150,1466,1466,1052,9965,2006,2007,0,3,125,1362,5,144,424870
1143,5,1006,288,1006,1006,0,9000,1959,1959,0,0,0,0,3,24,80000
1144,4,924,348,672,672,280,12180,1941,1950,0,1,0,252,4,0,80000
1145,5,1576,0,1042,1042,225,6240,1928,1950,0,1,0,534,6,0,149000
1146,6,1298,1258,1298,1298,403,11200,1985,1985,1,2,165,0,5,26,180000
1147,7,1564,275,704,860,234,12000,1941,1950,1,1,0,704,7,0,174500
1148,7,1111,0,572,572,288,5700,1926,1950,0,1,0,539,7,0,116900
1149,7,1482,624,650,832,324,9000,1920,1988,0,2,0,650,9,0,143000
1150,6,932,0,932,932,306,8280,1950,1950,1,1,0,0,5,0,124000
1151,5,1466,176,1466,1466,528,17755,1959,1959,1,2,0,0,4,140,149900
1152,6,1811,296,1073,1811,470,14115,1956,2004,1,2,0,0,7,0,230000
1153,6,816,538,816,816,432,5890,1930,2007,0,1,0,0,8,0,120500
1154,7,1820,454,864,902,492,13700,1965,1988,1,2,60,918,6,84,201800
1155,5,1437,1157,1437,1437,528,10768,1976,2004,1,2,0,0,8,21,218000
1156,5,1265,633,1219,1265,502,9350,1965,1999,1,2,0,0,8,92,179900
1157,7,1314,904,1314,1314,626,5001,2007,2008,1,2,172,0,5,62,230000
1158,8,1580,0,1580,1580,830,11932,2007,2008,1,3,0,0,5,24,235128
1159,6,1876,442,901,943,540,9120,1974,1974,1,2,0,933,6,69,185000
1160,6,1456,311,855,855,440,2280,1978,1978,1,2,26,601,5,0,146000
1161,6,1640,728,1296,1640,924,14778,1954,2006,0,2,108,0,7,0,224000
1162,5,894,492,894,894,450,8724,1968,1968,1,2,0,0,5,0,129000
1163,4,1258,1198,1198,1258,400,12900,1969,1969,0,2,120,0,4,0,108959
1164,5,1432,680,1360,1432,588,16157,1978,1978,1,2,168,0,7,180,194000
1165,7,1502,0,1502,1502,644,9541,2009,2009,1,2,0,0,5,114,233170
1166,8,1694,0,1694,1694,776,10475,2008,2008,1,3,160,0,5,33,245350
1167,6,1671,786,959,959,472,10852,2000,2000,1,2,0,712,5,38,173000
1168,6,2108,626,1127,1236,540,13728,1935,1986,0,2,0,872,7,0,235000
1169,10,3627,1387,1930,1831,807,35760,1995,1996,1,3,361,1796,5,76,625000
1170,6,1118,522,1096,1118,358,9880,1977,1977,1,1,203,0,6,0,171000
1171,6,1261,662,1261,1261,433,9120,1958,1958,1,2,0,0,6,0,163000
1172,7,1250,0,625,625,625,4017,2006,2007,0,2,0,625,5,54,171900
1173,5,3086,152,1598,1636,0,18030,1946,1994,0,0,122,971,6,0,200500
1174,6,2345,503,952,1170,360,16560,1932,1950,0,2,0,1175,8,0,239000
1175,8,2872,700,1683,2129,541,10678,1992,2000,1,2,0,743,5,33,285000
1176,5,923,658,876,923,264,6951,1984,1985,1,1,362,0,5,0,119500
1177,6,1224,468,818,818,210,3950,1926,2004,0,1,0,406,8,0,115000
1178,5,1343,0,731,820,186,7681,1921,1950,0,1,192,523,6,0,154900
1179,5,1124,0,0,1124,0,8335,1954,1954,0,0,0,0,5,36,93000
1180,7,2514,1216,1216,1298,693,11170,1990,1991,1,2,0,1216,5,0,250000
1181,8,1652,1480,1600,1652,482,5587,2008,2008,1,2,162,0,5,53,392500
1182,10,4476,2096,2396,2411,813,15623,1996,1996,1,3,171,2065,5,78,745000
1183,5,1130,821,1120,1130,720,10800,1920,1950,0,2,229,0,6,0,120000
1184,5,1572,1159,1572,1572,995,35133,1963,1963,0,3,0,0,4,263,186700
1185,5,1221,392,784,949,392,9738,1924,1950,1,1,0,272,7,0,104900
1186,3,1699,440,978,1014,420,10615,1900,1970,0,2,0,685,5,74,95000
1187,8,1624,1456,1624,1624,757,12461,1994,1995,1,3,0,0,5,114,262000
1188,7,1660,0,831,831,493,8935,2002,2002,1,2,144,829,5,68,195000
1189,7,1804,0,994,1028,442,7500,1999,1999,1,2,140,776,5,60,189000
1190,4,1622,1159,1249,1622,1356,32463,1961,1975,0,4,439,0,4,0,168000
1191,8,1441,0,776,764,492,2645,1999,2000,0,2,206,677,5,0,174000
1192,5,1472,0,702,842,250,9600,1925,1994,0,1,0,630,8,0,125000
1193,6,1224,883,1224,1224,402,4500,1999,1999,1,2,0,0,5,304,165000
1194,6,1352,371,663,663,299,9364,1969,1969,1,1,379,689,7,36,158000
1195,6,1456,0,728,728,400,8029,2005,2005,1,2,100,728,5,24,176000
1196,7,1863,0,879,879,660,14054,2006,2006,0,3,100,984,5,17,219210
1197,7,1690,0,815,815,225,8850,1916,1950,0,1,0,875,6,0,144000
1198,7,1212,0,1212,1212,573,9100,2001,2001,1,2,356,0,5,0,178000
1199,4,1382,547,1051,1382,459,11235,1963,1979,1,2,0,0,5,82,148000
1200,4,864,0,864,864,280,9353,1970,1970,1,1,0,0,5,0,116050
1201,7,1779,0,866,866,546,10400,1998,1998,1,2,198,913,5,36,197900
1202,5,1348,0,884,884,216,6000,1925,1997,0,1,0,464,8,0,117000
1203,7,1630,0,1630,1630,451,9750,2000,2001,1,2,74,0,5,234,213000
1204,5,1074,788,1056,1074,495,10140,1975,1975,1,2,0,0,6,88,153500
1205,7,2196,485,2158,2196,701,14684,1990,1991,1,3,84,0,7,70,271900
1206,4,1056,1056,1056,1056,384,8900,1966,1966,0,1,0,0,4,42,107000
1207,6,1700,340,1682,1700,544,9135,2003,2003,1,2,192,0,5,23,200000
1208,5,1283,504,931,1283,506,7763,1962,1980,0,2,0,0,7,0,140000
1209,8,1660,1220,1660,1660,500,10182,2006,2006,1,2,322,0,5,50,290000
1210,6,1845,0,1055,1055,462,11218,1992,1992,1,2,635,790,5,104,189000
1211,8,1752,427,559,1080,492,12134,1988,2005,0,2,325,672,7,12,164000
1212,4,672,344,672,672,234,9340,1941,1950,1,1,0,0,6,113,113000
1213,4,960,648,648,960,364,10246,1965,2001,1,1,88,0,9,0,145000
1214,5,999,784,925,999,300,10205,1962,1962,1,1,150,0,5,72,134500
1215,5,894,180,894,894,384,7094,1966,1966,0,1,0,0,5,0,125000
1216,6,1902,0,0,1318,539,8930,1978,1978,1,2,0,584,5,0,112000
1217,8,1314,936,1300,1314,552,8640,2009,2009,1,2,135,0,5,112,229456
1218,4,912,0,0,672,0,6240,1947,1950,0,0,0,240,5,0,80500
1219,6,1218,0,672,672,0,1680,1971,1971,0,0,201,546,5,0,91500
1220,5,912,312,912,912,288,7800,1964,1964,1,1,0,0,5,0,115000
1221,5,1211,250,952,1211,322,8250,1968,1968,1,1,0,0,5,63,134000
1222,6,1846,196,1040,1168,315,10496,1949,1950,1,1,0,678,6,0,143000
1223,5,2136,756,2136,2136,528,10680,1951,1951,0,2,0,0,3,30,137900
1224,7,1490,724,788,788,388,15384,2004,2005,1,2,100,702,5,75,184000
1225,6,1138,507,588,1138,264,10482,1958,1958,1,1,224,0,8,0,145000
1226,6,1933,0,894,894,668,14598,2007,2007,0,3,100,1039,5,18,214000
1227,5,912,595,912,912,576,8872,1965,2008,0,2,0,0,8,240,147000
1228,9,1702,1540,1702,1702,1052,8769,2008,2008,1,3,0,0,5,72,367294
1229,5,1507,666,1075,1507,404,7910,1960,1960,0,1,0,0,5,0,127000
1230,5,2620,498,1361,1361,600,18890,1977,1977,0,2,155,1259,5,24,190000
1231,5,1190,803,1106,1190,540,7728,1962,1962,1,2,0,0,6,18,132500
1232,4,1224,0,0,1224,462,9842,1962,1962,0,2,0,0,5,0,101800
1233,5,1188,1000,1188,1188,531,12160,1959,1959,1,2,0,0,5,0,142000
1234,5,1964,0,940,1024,0,8525,1911,1950,0,0,0,940,6,192,130000
1235,5,1784,0,747,892,180,13132,1914,1950,0,1,203,892,5,40,138887
1236,7,1626,0,764,764,474,2628,2003,2003,0,2,0,862,5,27,175500
1237,7,1948,0,847,847,434,12393,2004,2005,0,2,100,1101,5,48,195000
1238,6,1141,0,1141,1141,484,13072,2005,2005,0,2,0,0,5,0,142500
1239,8,1484,428,1476,1484,472,9037,2006,2006,1,2,120,0,5,33,265900
1240,7,1768,550,884,884,543,8158,2003,2003,1,2,0,884,5,63,224900
1241,7,1689,0,1689,1689,954,9849,2007,2007,1,3,0,0,6,56,248328
1242,7,1173,885,1053,1173,528,10625,1974,1974,1,2,0,0,6,120,170000
1243,10,2076,1386,2076,2076,850,13891,2006,2006,1,3,216,0,5,229,465000
1244,8,1517,0,792,792,400,11435,1929,1950,0,2,0,725,7,0,230000
1245,6,1868,0,585,1140,477,12090,1984,2003,0,2,268,728,7,112,178000
1246,7,1553,0,756,756,615,8125,2005,2006,1,2,0,797,5,45,186500
1247,6,1034,539,1012,1034,888,12328,1976,1976,1,3,0,0,5,0,169900
1248,6,2058,319,735,1134,396,9600,1917,1950,0,2,0,924,5,0,129500
1249,5,988,534,876,988,276,7200,1950,1950,1,1,0,0,7,80,119000
1250,7,2110,1065,2110,2110,522,11160,1968,1968,1,2,0,0,5,0,244000
1251,7,1405,0,1405,1405,478,3136,2003,2003,1,2,148,0,5,36,171750
1252,5,874,510,864,874,288,9858,1968,1968,1,1,33,0,6,0,130000
1253,7,2167,125,1192,1516,518,17542,1974,2003,1,2,220,651,7,47,294000
1254,7,1656,0,746,760,397,6931,2003,2004,0,2,178,896,5,128,165400
1255,6,1367,425,884,959,560,6240,1931,1950,0,1,0,408,6,0,127500
1256,8,1987,1314,1986,1987,691,14303,1994,1994,1,2,262,0,5,36,301500
1257,5,864,0,864,864,0,4060,1922,1950,0,0,0,0,8,96,99900
1258,7,1166,655,856,1166,400,9587,2005,2005,1,2,212,0,5,0,190000
1259,6,1054,602,1054,1054,460,9750,1969,1969,1,2,180,0,8,0,151000
1260,6,1675,0,841,892,502,24682,1999,1999,0,2,0,783,5,103,181000
1261,5,1050,504,1050,1050,338,9600,1956,1956,1,1,0,0,6,0,128900
1262,4,1788,0,1104,1104,304,11250,1957,1989,1,1,120,684,5,0,161500
1263,6,1824,0,764,1060,520,13515,1919,1950,0,2,0,764,6,0,180500
1264,6,1337,266,1405,1337,511,4060,1998,1999,1,2,144,0,5,68,181000
1265,7,1452,450,691,713,506,3735,1999,1999,0,2,0,739,5,34,183900
1266,7,1889,0,925,964,308,10120,1910,1950,0,1,0,925,4,0,122000
1267,9,2018,0,2002,2018,746,13214,2008,2009,1,3,144,0,5,76,378500
1268,8,3447,192,728,1968,1014,14100,1935,1997,0,3,314,1479,9,12,381000
1269,5,1524,460,874,874,315,11344,1958,1958,1,1,0,650,5,0,144000
1270,7,1524,1258,1332,1332,586,23595,1979,1979,1,2,268,192,6,0,260000
1271,6,1489,0,1489,1489,462,9156,1968,1968,1,2,0,0,7,0,185750
1272,5,935,560,935,935,288,13526,1965,1965,1,1,180,0,6,0,137000
1273,6,1357,719,1019,1357,312,11512,1959,2006,0,1,0,0,7,0,177000
1274,5,1250,0,661,661,552,5362,1910,2003,0,2,242,589,6,0,139000
1275,5,1920,220,928,928,400,11345,1948,1950,0,2,0,992,5,0,137000
1276,6,1395,593,723,735,497,12936,1972,1972,1,2,294,660,6,116,162000
1277,6,1724,528,1680,1724,480,17871,1967,1976,1,2,0,0,5,0,197900
1278,8,2031,804,1128,1128,577,9473,2002,2002,1,2,0,903,5,211,237000
1279,4,1128,0,698,698,528,7500,1920,1950,0,2,30,430,4,0,68400
1280,7,1573,788,1573,1573,544,9808,2002,2002,1,2,0,0,5,72,227000
1281,7,1339,1053,1309,1339,484,8049,1990,1990,1,2,0,0,5,58,180000
1282,5,1040,532,1040,1040,484,8800,1977,2008,0,2,0,0,7,0,150500
1283,6,1824,0,912,912,0,9400,1971,1971,0,0,128,912,5,0,139000
1284,6,2447,0,804,1699,336,9638,1919,1990,0,1,272,748,7,0,169000
1285,6,1412,0,780,825,280,6000,1939,1950,0,1,45,587,6,0,132500
1286,6,1328,569,1328,1328,528,9790,1963,1963,1,2,0,0,5,26,143000
1287,5,1582,812,1624,1582,390,36500,1964,1964,1,2,168,0,5,198,190000
1288,8,1659,1158,1501,1659,499,5664,2000,2000,1,2,212,0,5,59,278000
1289,8,1970,0,1085,1120,753,11065,2006,2006,0,3,177,850,5,74,281000
1290,5,1152,1014,1152,1152,484,14112,1964,1964,1,2,227,0,7,0,180500
1291,5,1302,231,630,630,264,1680,1972,1972,0,1,185,672,7,0,119500
1292,5,2372,0,994,1378,432,6600,1892,1965,1,1,0,994,4,287,107500
1293,7,1664,194,832,832,528,10140,1976,1976,1,2,0,832,5,28,162900
1294,5,864,167,864,864,572,8172,1955,1990,0,2,0,0,7,0,115000
1295,5,1052,1016,1052,1052,288,8400,1968,1968,1,1,356,0,5,0,138500
1296,5,1128,776,1120,1128,525,8700,1963,1963,1,2,192,0,6,20,155000
1297,6,1072,547,547,1072,525,3675,2005,2006,0,2,0,0,5,44,140000
1298,10,5642,5644,6110,4692,1418,63887,2008,2008,1,2,214,950,5,292,160000
1299,5,1246,340,1246,1246,305,7500,1959,1994,1,1,218,0,7,0,154000
1300,7,1983,694,978,1005,490,10762,1999,1999,1,2,0,978,5,0,225000
1301,6,1494,547,771,753,213,7500,1942,1950,1,1,0,741,7,0,177500
1302,8,2526,740,1165,1203,844,10120,1994,1994,1,3,309,1323,5,78,290000
1303,7,1616,0,1616,1616,834,8688,2005,2005,1,3,208,0,5,59,232000
1304,7,1708,0,976,976,380,3363,2004,2004,0,2,0,732,5,40,130000
1305,9,1652,1572,1652,1652,840,13173,2006,2007,1,2,404,0,5,102,325000
1306,7,1368,0,1368,1368,474,6955,2005,2006,1,2,132,0,5,35,202500
1307,5,990,746,990,990,480,8072,1994,1995,0,2,0,0,5,64,138000
1308,5,1122,144,924,1122,528,12000,1948,2005,1,2,0,0,7,36,147000
1309,6,1294,1200,1278,1294,496,7153,1991,1991,1,2,112,0,5,51,179200
1310,7,1902,1406,1902,1902,567,17500,1959,2002,1,2,0,0,8,207,335000
1311,7,1274,925,1274,1274,508,8814,2005,2007,1,2,264,0,5,98,203000
1312,8,2810,482,1453,1453,750,9572,1990,1990,1,2,500,1357,5,0,302000
1313,9,2599,0,1393,1422,779,14774,1999,1999,0,3,668,1177,5,30,333168
1314,4,948,732,948,948,280,8190,1954,1954,0,1,0,0,6,36,119000
1315,6,2112,500,952,1092,576,11075,1969,1969,1,2,280,1020,5,0,206900
1316,8,1630,0,1622,1630,860,10226,2008,2008,1,3,172,0,5,42,295493
1317,7,1352,0,1352,1352,466,4230,2006,2007,1,2,0,0,5,241,208900
1318,8,1787,0,1753,1787,748,14781,2001,2002,1,3,198,0,5,150,275000
1319,4,948,492,864,948,248,10215,1954,1954,1,1,0,0,5,0,111000
1320,6,1478,189,1478,1478,442,8400,1957,1957,1,2,114,0,3,0,156500
1321,3,720,0,0,720,287,6627,1949,1950,0,1,0,0,6,0,72500
1322,7,1923,674,750,1061,564,10186,1992,1992,1,2,240,862,5,39,190000
1323,4,708,280,420,708,0,5330,1940,1950,0,0,164,0,7,0,82500
1324,8,1795,0,1795,1795,895,9986,2006,2007,1,3,0,0,5,49,147000
1325,4,796,0,796,796,0,3636,1922,1950,0,0,0,0,4,0,55000
1326,3,774,544,544,774,0,4270,1931,2006,0,0,0,0,6,0,79000
1327,5,816,641,816,816,264,6600,1982,2008,1,1,0,0,9,0,130500
1328,6,2792,493,1510,1584,520,10440,1920,1950,0,2,0,1208,7,547,256000
1329,7,1632,0,935,955,462,9084,1998,1998,1,2,0,677,5,28,176500
1330,8,1588,0,1588,1588,825,10000,2006,2006,1,3,144,0,5,45,227000
1331,5,954,483,911,954,576,10780,1976,1976,0,2,0,0,5,0,132500
1332,4,816,690,816,816,288,8877,1938,1958,0,1,0,0,6,0,100000
1333,5,1360,0,803,803,297,7200,1938,1995,0,1,0,557,6,65,125500
1334,5,1365,765,765,765,440,2368,1970,1970,1,2,0,600,6,36,125000
1335,6,1334,686,1350,1334,630,9650,1977,1977,1,2,0,0,5,16,167900
1336,5,1656,0,1656,1656,506,9246,1973,1973,0,2,0,0,5,211,135000
1337,4,693,0,693,693,0,4118,1941,1950,0,0,0,0,4,20,52500
1338,7,1861,700,916,920,492,13450,2002,2002,0,2,146,941,5,91,200000
1339,5,864,360,864,864,288,9560,1972,1972,1,1,0,0,7,0,128500
1340,4,872,0,858,872,480,8294,1971,1971,0,4,0,0,5,0,123000
1341,6,1114,814,1114,1114,576,13695,2003,2004,0,2,0,0,5,78,155000
1342,8,2169,0,1284,1284,647,9375,2002,2002,1,2,192,885,5,87,228500
1343,6,1913,0,896,1172,342,7558,1928,1950,0,2,0,741,6,0,177000
1344,7,1456,0,728,728,440,11103,2006,2006,1,2,0,728,5,0,155835
1345,4,960,250,960,960,308,6000,1920,1950,0,1,0,0,4,0,108500
1346,7,2156,297,1568,2156,508,20781,1968,2003,1,2,0,0,7,80,262500
1347,8,1776,80,1732,1776,712,15306,2006,2007,1,3,0,0,5,0,283463
1348,7,1494,1443,1482,1494,514,16196,1998,1998,1,2,402,0,5,25,215000
1349,8,2358,259,684,938,0,5250,1872,1987,0,0,0,1215,5,54,122000
1350,5,2634,500,1248,1338,968,11643,1969,1969,0,4,0,1296,5,0,200000
1351,6,1716,319,858,858,490,9247,1962,1962,1,2,0,858,6,84,171000
1352,6,1176,0,698,786,624,6000,1937,2000,0,2,210,390,9,0,134900
1353,8,3238,816,2033,2053,666,14720,1995,1996,1,3,283,1185,5,86,410000
1354,7,1865,735,992,992,839,10316,2000,2000,1,3,0,873,5,184,235000
1355,7,1920,0,570,1222,487,10192,1968,1992,1,2,0,698,6,98,170000
1356,5,892,340,864,892,264,9477,1966,1966,1,1,0,0,5,0,110000
1357,5,1078,734,1078,1078,500,12537,1971,2008,1,2,0,0,6,0,149900
1358,6,1573,378,756,769,440,2117,2000,2000,0,2,0,804,5,32,177500
1359,9,1980,1447,1980,1980,770,16737,2004,2005,1,3,194,0,5,45,315000
1360,5,2601,0,612,990,621,9842,1921,1998,0,2,183,1611,6,0,189000
1361,7,1530,1274,1530,1530,430,16158,2005,2005,1,2,168,0,5,36,260000
1362,4,1738,0,715,1281,368,12513,1920,2007,1,1,55,457,4,0,104900
1363,6,1412,0,616,616,432,8499,2006,2007,0,2,0,796,5,36,156932
1364,7,1200,0,600,520,480,3180,2005,2005,0,2,0,600,5,166,144152
1365,7,1674,533,814,814,663,7500,2000,2000,1,2,0,860,5,96,216000
1366,7,1790,633,873,882,588,9179,1999,1999,1,2,0,908,5,88,193000
1367,5,1475,548,757,925,336,2665,1977,1977,1,1,104,550,6,26,127000
1368,6,848,685,848,848,420,4435,2003,2004,1,2,140,0,5,0,144000
1369,8,1668,370,1657,1668,502,10635,2003,2003,1,2,0,0,5,262,232000
1370,4,1374,315,840,840,338,5400,1920,1950,0,1,0,534,6,0,105000
1371,6,1661,831,992,1661,377,9600,1955,1996,0,1,0,0,6,28,165500
1372,7,2097,975,1108,1108,583,9750,1998,1998,0,2,253,989,6,170,274300
1373,10,2633,1282,2633,2633,804,11400,2001,2002,1,3,314,0,5,140,466500
1374,7,1958,0,1026,1026,936,10625,2005,2005,1,3,154,932,5,210,250000
1375,8,1571,0,1571,1571,722,10991,2007,2007,1,3,100,0,5,36,239000
1376,6,790,384,768,790,160,6292,1930,1950,0,1,0,0,5,141,91000
1377,5,1604,408,984,984,660,10998,1941,1960,0,2,0,620,5,68,117000
1378,6,987,309,483,483,264,1953,1973,1973,0,1,72,504,5,0,83000
1379,5,1394,0,384,754,400,9735,2006,2007,0,2,100,640,5,0,167500
1380,3,864,203,864,864,200,8212,1914,1950,0,1,0,0,3,0,58500
1381,6,2117,865,1205,2117,550,12925,1970,1970,1,2,0,0,7,42,237500
1382,7,1762,0,596,998,576,7200,1920,1950,0,2,36,764,7,0,157000
1383,5,1416,0,816,1416,576,25339,1918,2007,1,2,0,0,7,0,112000
1384,6,1258,204,560,698,280,9060,1939,1950,0,1,0,560,5,0,105000
1385,4,1154,735,796,796,240,5436,1922,2007,0,1,0,358,8,96,125500
1386,7,2784,790,1392,1392,564,16692,1978,1978,1,2,0,1392,5,112,250000
1387,6,2526,168,714,1664,216,8520,1916,1950,0,1,88,862,7,15,136000
1388,9,1746,1320,1746,1746,758,14892,2006,2007,1,3,201,0,5,39,377500
1389,6,1218,375,735,869,440,6000,1941,1950,0,2,0,349,6,0,131000
1390,7,1525,1400,1525,1525,541,9100,2000,2000,1,2,219,0,5,36,235000
1391,5,1584,0,1584,1584,792,8944,1967,1967,0,3,0,0,5,152,124000
1392,5,900,769,864,900,288,7838,1967,1967,1,1,175,0,5,144,123000
1393,6,1912,0,482,1221,672,10800,1905,2000,0,2,0,691,7,25,163000
1394,7,1500,1070,1356,1500,648,4045,2006,2006,1,3,161,0,5,20,246578
1395,8,2482,0,1094,1133,642,12665,2005,2006,0,3,144,1349,5,39,281213
1396,5,1687,353,747,1687,572,57200,1948,1950,0,2,0,0,5,0,160000
1397,5,1513,0,939,939,180,6120,1920,2004,0,1,24,574,8,0,137500
1398,5,1904,180,1208,1136,240,7200,1950,1982,1,1,0,768,4,0,138000
1399,6,1608,264,976,1160,216,6171,1925,1990,0,1,147,448,6,16,137450
1400,6,1158,0,862,950,208,6000,1929,1950,0,1,0,208,7,0,120000
1401,6,1593,759,839,864,398,7415,2004,2004,1,2,100,729,5,75,193000
1402,7,1294,0,1286,1294,662,6762,2006,2006,1,2,168,0,5,55,193879
1403,8,1464,929,1485,1464,754,15256,2007,2007,1,3,168,0,5,160,282922
1404,3,1214,0,672,694,936,10410,1915,1950,0,3,216,520,4,0,105000
1405,8,1646,1373,1594,1646,482,3842,2004,2005,1,2,128,0,5,53,275000
1406,5,768,656,768,768,396,8445,1972,2007,0,2,58,0,7,0,133000
1407,5,833,625,833,833,0,8780,1985,1985,0,0,0,0,5,0,112000
1408,4,1363,0,622,741,528,7740,1910,1950,0,2,0,622,7,0,125500
1409,7,2093,0,791,1236,542,20544,1986,1991,1,2,364,857,6,63,215000
1410,7,1840,666,944,944,622,12420,2001,2001,1,2,0,896,5,45,230000
1411,6,1668,120,856,1112,271,9600,1950,2005,1,1,0,556,8,0,140000
1412,4,1040,0,0,1040,420,7200,1949,1950,0,2,0,0,5,0,90000
1413,8,1844,976,1844,1844,620,10994,2005,2006,1,2,165,0,5,44,257000
1414,6,1848,0,833,1053,370,13053,1923,2000,0,2,0,795,7,0,207000
1415,7,1569,988,1386,1569,660,3635,2007,2007,1,3,143,0,5,20,175900
1416,4,2290,0,777,1246,560,11340,1885,1950,0,2,0,1044,6,0,122500
1417,8,2450,781,1284,1310,1069,16545,1998,1998,1,3,0,1140,5,126,340000
1418,5,1144,25,1144,1144,336,9204,1963,1963,0,1,0,0,5,88,124000
1419,6,1844,1110,1844,1844,540,16381,1969,1969,1,2,0,0,5,73,223000
1420,6,1416,404,708,708,776,11700,1968,1968,1,2,0,708,6,169,179900
1421,6,1069,360,1069,1069,440,4043,1977,1977,1,2,0,0,5,55,127500
1422,6,848,686,848,848,420,4435,2003,2003,1,2,140,0,5,0,136500
1423,6,2201,0,697,1575,432,19690,1966,1966,1,2,586,626,7,236,274970
1424,5,1344,457,1024,1344,484,9503,1958,1983,0,1,316,0,5,28,144000
1425,6,1252,0,1252,1252,528,10721,1959,1959,0,2,0,0,6,39,142000
1426,7,2127,1000,1223,1223,525,10944,1994,1994,1,2,171,904,5,132,271000
1427,5,1558,580,913,1048,288,10930,1945,1950,1,1,0,510,6,0,140000
1428,5,804,510,788,804,240,7200,1940,1992,1,1,0,0,7,0,119000
1429,6,1440,678,1440,1440,467,12546,1981,1981,1,2,0,0,7,0,182900
1430,5,1838,0,732,734,372,21930,2005,2005,0,2,100,1104,5,40,192140
1431,6,958,958,958,958,440,4928,1976,1976,1,2,0,0,6,60,143750
1432,4,968,0,656,968,216,10800,1927,2007,0,1,0,0,6,0,64500
1433,6,1792,0,936,962,451,10261,2000,2000,1,2,0,830,5,0,186500
1434,5,1126,936,1126,1126,484,17400,1977,1977,1,2,295,0,5,41,160000
1435,6,1537,0,1319,1537,462,8400,1962,2005,1,2,0,0,9,36,174000
1436,4,864,616,864,864,528,9000,1971,1971,0,2,0,0,6,0,120500
1437,8,1932,1336,1932,1932,774,12444,2008,2008,1,3,0,0,5,66,394617
1438,6,1236,600,912,1236,923,7407,1957,1996,1,2,0,0,7,158,149700
1439,7,1725,315,539,1040,550,11584,1979,1979,1,2,0,685,6,88,197000
1440,6,2555,0,588,1423,672,11526,1922,1994,0,2,431,748,7,0,191000
1441,6,848,697,848,848,420,4426,2004,2004,1,2,149,0,5,0,149300
1442,10,2007,765,1017,1026,812,11003,2008,2008,1,3,168,981,5,52,310000
1443,6,952,0,952,952,192,8854,1916,1950,0,1,0,0,6,98,121000
1444,7,1422,0,1422,1422,626,8500,2004,2004,1,2,192,0,5,60,179600
1445,6,913,187,814,913,240,8400,1966,1966,0,1,0,0,5,0,129000
1446,5,1188,593,1188,1188,312,26142,1962,1962,1,1,261,0,7,39,157900
1447,8,2090,1079,1220,1220,556,10000,1995,1996,1,2,0,870,5,65,240000
1448,4,1346,0,560,796,384,11767,1910,2000,0,1,168,550,7,24,112000
1449,5,630,553,630,630,0,1533,1970,1970,0,0,0,0,7,0,92000
1450,5,1792,0,896,896,0,9000,1974,1974,0,0,32,896,5,45,136000
1451,8,1578,0,1573,1578,840,9262,2008,2009,1,3,0,0,5,36,287090
1452,5,1072,547,547,1072,525,3675,2005,2005,0,2,0,0,5,28,145000
1453,5,1140,0,1140,1140,0,17217,2006,2006,0,0,36,0,5,56,84500
1454,7,1221,410,1221,1221,400,7500,2004,2005,1,2,0,0,5,113,185000
1455,6,1647,0,953,953,460,7917,1999,2000,1,2,0,694,5,40,175000
1456,6,2073,790,1542,2073,500,13175,1978,1988,1,2,349,0,6,0,210000
1457,7,2340,275,1152,1188,252,9042,1941,2006,1,1,0,1152,9,60,266500
1458,5,1078,49,1078,1078,240,9717,1950,1996,1,1,366,0,6,0,142125
1459,5,1256,830,1256,1256,276,9937,1965,1965,1,1,736,0,6,68,147500
